0 45 85 25 25 65 45 165 115 135 125 135 135 145 135 45 25 115 75 155 35 155 95 55 175 175 25 95 75 55 15 185 35 35 5 155 105 75 35 5 75 55 55 45 15 15 45 45 45 85 85 135 65 135 135 115 135 15 25 155 125 135
45 0 45 45 55 25 75 125 75 95 85 95 95 105 95 85 45 75 35 115 25 115 115 55 135 125 15 55 95 15 25 145 65 75 45 115 65 35 5 35 35 95 95 85 35 35 5 15 15 45 45 95 45 95 95 75 85 55 65 115 85 95
85 45 0 75 85 25 115 75 45 65 45 55 55 65 55 115 85 35 45 85 55 65 155 95 105 95 65 35 135 25 65 105 95 105 95 75 25 5 45 75 55 135 125 125 75 75 45 45 35 5 15 75 75 55 55 35 55 95 95 85 55 55
25 45 75 0 5 55 35 155 115 135 125 135 135 135 135 35 5 105 75 155 25 145 115 75 175 165 35 95 95 45 15 175 25 35 25 155 95 65 45 25 75 55 55 45 15 15 35 35 45 75 75 145 75 135 125 105 125 25 25 155 125 125
25 55 85 5 0 55 35 165 125 145 125 135 145 145 145 35 5 115 85 165 35 155 125 85 185 175 45 105 105 55 25 185 15 25 35 155 105 75 55 35 85 45 45 45 15 15 45 45 45 85 85 145 85 135 135 115 135 25 15 165 135 135
65 25 25 55 55 0 85 105 65 85 75 85 85 85 85 95 55 55 45 105 25 95 145 85 125 115 45 55 115 15 45 125 75 85 65 105 45 15 35 55 55 105 105 95 55 55 25 25 15 25 25 95 65 85 75 55 75 75 75 105 75 75
45 75 115 35 35 85 0 195 145 175 155 165 175 175 175 5 35 145 115 195 65 185 115 95 215 205 65 135 105 85 55 215 15 5 35 185 135 105 75 45 115 25 25 15 35 35 75 75 75 115 115 175 105 165 165 145 165 35 15 195 155 165
165 125 75 155 165 105 195 0 55 35 35 25 25 15 25 195 155 45 95 45 135 25 215 155 35 35 135 75 195 105 145 25 175 185 165 15 55 85 125 155 105 205 205 205 155 155 125 115 115 75 75 45 125 25 25 45 35 175 175 35 45 35
115 75 45 115 125 65 145 55 0 25 15 25 35 35 35 155 115 45 45 45 95 55 155 95 65 55 85 25 135 65 105 75 135 145 125 65 25 55 75 105 55 165 165 155 115 115 75 75 75 45 35 25 75 35 35 25 25 125 135 45 15 25
135 95 65 135 145 85 175 35 25 0 15 15 25 25 15 175 145 45 65 25 115 45 185 125 35 35 115 45 165 85 125 55 155 165 145 45 45 75 95 135 75 185 185 175 135 135 95 95 95 65 55 15 95 25 25 35 5 155 155 25 15 15
125 85 45 125 125 75 155 35 15 15 0 15 15 25 15 165 125 25 55 45 95 45 175 115 55 45 95 35 155 75 115 65 145 155 135 45 25 55 85 115 65 175 175 165 125 125 85 85 75 45 45 25 85 25 15 15 5 135 145 35 15 5
135 95 55 135 135 85 165 25 25 15 15 0 5 15 5 165 135 35 65 35 105 35 185 125 45 35 115 45 165 85 125 55 155 165 145 35 35 65 95 125 75 185 185 175 135 135 95 95 85 55 55 25 95 15 15 25 5 145 155 25 25 5
135 95 55 135 145 85 175 25 35 25 15 5 0 5 5 175 135 25 75 45 105 25 195 125 45 35 115 55 175 85 125 45 155 165 145 25 35 65 95 135 85 185 185 175 135 135 95 95 95 55 55 35 105 5 5 25 15 155 155 35 25 5
145 105 65 135 145 85 175 15 35 25 25 15 5 0 5 175 145 35 75 45 115 25 195 135 45 35 115 55 175 85 125 45 155 165 155 25 45 75 105 135 85 195 195 185 135 135 105 105 95 65 55 35 105 5 5 25 15 155 155 25 35 15
135 95 55 135 145 85 175 25 35 15 15 5 5 5 0 175 135 35 75 45 115 25 195 135 45 35 115 55 175 85 125 45 155 165 145 25 35 65 105 135 85 185 185 185 135 135 95 95 95 55 55 35 105 5 5 25 15 155 155 35 25 5
45 85 115 35 35 95 5 195 155 175 165 165 175 175 175 0 35 145 115 195 65 185 125 105 215 205 65 135 105 85 55 215 15 5 45 185 135 105 85 55 115 25 25 15 45 45 75 75 85 115 115 185 105 175 165 145 165 35 25 195 165 165
25 45 85 5 5 55 35 155 115 145 125 135 135 145 135 35 0 115 85 165 25 145 125 85 185 175 35 105 105 55 25 185 15 25 35 155 105 75 45 35 85 55 55 45 15 15 45 45 45 85 85 145 85 135 135 115 135 35 15 165 125 135
115 75 35 105 115 55 145 45 45 45 25 35 25 35 35 145 115 0 65 65 85 35 185 115 75 65 95 45 165 65 105 65 125 135 125 45 15 45 75 115 75 165 165 155 115 115 75 75 65 35 35 55 95 25 25 15 35 135 125 65 45 25
75 35 45 75 85 45 115 95 45 65 55 65 75 75 75 115 85 65 0 85 65 95 115 55 105 105 45 25 95 35 65 125 95 105 85 105 45 45 35 65 5 125 125 115 75 75 45 45 45 35 35 65 35 75 75 55 65 85 95 85 55 65
155 115 85 155 165 105 195 45 45 25 45 35 45 45 45 195 165 65 85 0 135 65 185 135 25 25 135 65 175 105 145 55 175 185 165 65 65 95 115 145 85 205 205 195 155 155 115 115 115 85 85 15 105 55 45 55 35 175 175 15 35 35
35 25 55 25 35 25 65 135 95 115 95 105 105 115 115 65 25 85 65 135 0 125 125 75 155 145 25 75 105 25 25 155 45 55 45 125 75 45 35 35 65 75 75 75 25 25 25 15 15 55 55 115 65 105 105 85 105 45 45 135 105 105
155 115 65 145 155 95 185 25 55 45 45 35 25 25 25 185 145 35 95 65 125 0 215 155 55 55 135 75 195 95 135 35 165 175 165 5 55 75 115 145 105 195 195 195 145 145 115 115 105 75 75 55 125 25 25 45 45 165 165 45 55 35
95 115 155 115 125 145 115 215 155 185 175 185 195 195 195 125 125 185 115 185 125 215 0 65 215 215 105 135 25 125 105 235 115 125 95 215 165 145 115 95 105 115 105 105 105 105 115 125 125 145 145 175 85 195 195 175 175 95 115 195 165 185
55 55 95 75 85 85 95 155 95 125 115 125 125 135 135 105 85 115 55 135 75 155 65 0 155 155 45 75 45 65 55 175 85 95 55 155 105 85 55 55 45 105 95 95 65 65 65 65 75 85 85 115 25 135 125 115 115 65 85 135 105 125
175 135 105 175 185 125 215 35 65 35 55 45 45 45 45 215 185 75 105 25 155 55 215 155 0 5 155 85 195 125 165 35 195 205 185 45 85 105 135 175 115 225 225 215 175 175 135 135 135 95 95 35 135 45 45 65 45 195 195 15 55 45
175 125 95 165 175 115 205 35 55 35 45 35 35 35 35 205 175 65 105 25 145 55 215 155 5 0 145 75 195 115 155 35 185 195 175 45 75 105 135 165 105 225 225 215 165 165 135 135 125 95 95 35 125 45 45 65 45 185 185 15 45 45
25 15 65 35 45 45 65 135 85 115 95 115 115 115 115 65 35 95 45 135 25 135 105 45 155 145 0 65 75 35 15 155 55 55 35 135 75 55 15 15 45 75 75 65 25 25 15 25 25 55 55 115 45 115 115 95 105 35 45 135 95 105
95 55 35 95 105 55 135 75 25 45 35 45 55 55 55 135 105 45 25 65 75 75 135 75 85 75 65 0 125 45 85 95 115 125 105 75 35 35 55 85 35 145 145 135 95 95 55 55 55 25 25 45 55 55 55 35 45 105 115 65 35 45
75 95 135 95 105 115 105 195 135 165 155 165 175 175 175 105 105 165 95 175 105 195 25 45 195 195 75 125 0 105 85 215 105 105 75 205 145 125 85 75 85 95 95 95 85 85 95 95 105 125 125 165 65 175 175 155 165 75 95 185 145 165
55 15 25 45 55 15 85 105 65 85 75 85 85 85 85 85 55 65 35 105 25 95 125 65 125 115 35 45 105 0 45 125 75 85 65 105 45 25 15 45 45 105 105 95 45 45 15 15 5 25 25 95 55 85 85 65 75 65 65 105 75 75
15 25 65 15 25 45 55 145 105 125 115 125 125 125 125 55 25 105 65 145 25 135 105 55 165 155 15 85 85 45 0 165 35 45 25 145 85 65 25 15 65 65 65 55 15 15 25 25 35 65 65 125 55 125 125 105 115 25 35 145 115 115
185 145 105 175 185 125 215 25 75 55 65 55 45 45 45 215 185 65 125 55 155 35 235 175 35 35 155 95 215 125 165 0 195 205 195 25 85 115 145 175 125 235 235 225 175 175 145 145 135 105 105 55 155 45 45 65 55 195 195 45 65 55
35 65 95 25 15 75 15 175 135 155 145 155 155 155 155 15 15 125 95 175 45 165 115 85 195 185 55 115 105 75 35 195 0 5 35 175 115 85 65 35 95 35 35 25 25 25 55 55 65 95 95 165 95 155 155 135 145 25 5 175 145 145
35 75 105 35 25 85 5 185 145 165 155 165 165 165 165 5 25 135 105 185 55 175 125 95 205 195 55 125 105 85 45 205 5 0 35 185 125 95 75 45 105 25 25 25 35 35 65 65 75 105 105 175 95 165 165 145 155 25 15 185 155 155
5 45 95 25 35 65 35 165 125 145 135 145 145 155 145 45 35 125 85 165 45 165 95 55 185 175 35 105 75 65 25 195 35 35 0 165 115 85 45 15 75 45 45 35 15 15 45 55 55 85 95 145 65 145 145 125 135 5 25 165 135 145
155 115 75 155 155 105 185 15 65 45 45 35 25 25 25 185 155 45 105 65 125 5 215 155 45 45 135 75 205 105 145 25 175 185 165 0 55 85 125 155 115 205 205 195 155 155 115 115 115 75 75 55 135 25 25 45 45 175 175 45 55 35
105 65 25 95 105 45 135 55 25 45 25 35 35 45 35 135 105 15 45 65 75 55 165 105 85 75 75 35 145 45 85 85 115 125 115 55 0 25 65 95 55 155 145 145 95 95 65 65 55 25 25 55 75 35 35 15 35 115 115 65 35 35
75 35 5 65 75 15 105 85 55 75 55 65 65 75 65 105 75 45 45 95 45 75 145 85 105 105 55 35 125 25 65 115 85 95 85 85 25 0 35 65 55 125 125 115 65 65 35 35 25 15 15 75 65 65 65 45 65 85 85 95 65 65
35 5 45 45 55 35 75 125 75 95 85 95 95 105 105 85 45 75 35 115 35 115 115 55 135 135 15 55 85 15 25 145 65 75 45 125 65 35 0 35 35 95 95 85 35 35 5 15 15 45 45 105 35 95 95 75 95 55 65 115 85 95
5 35 75 25 35 55 45 155 105 135 115 125 135 135 135 55 35 115 65 145 35 145 95 55 175 165 15 85 75 45 15 175 35 45 15 155 95 65 35 0 65 55 55 45 15 15 35 35 45 75 75 135 55 135 135 115 125 25 35 155 115 125
75 35 55 75 85 55 115 105 55 75 65 75 85 85 85 115 85 75 5 85 65 105 105 45 115 105 45 35 85 45 65 125 95 105 75 115 55 55 35 65 0 125 125 115 75 75 45 45 45 45 45 75 25 85 85 65 75 85 95 95 65 75
55 95 135 55 45 105 25 205 165 185 175 185 185 195 185 25 55 165 125 205 75 195 115 105 225 225 75 145 95 105 65 235 35 25 45 205 155 125 95 55 125 0 5 5 55 55 95 95 95 125 135 195 115 185 185 165 185 35 35 205 175 185
55 95 125 55 45 105 25 205 165 185 175 185 185 195 185 25 55 165 125 205 75 195 105 95 225 225 75 145 95 105 65 235 35 25 45 205 145 125 95 55 125 5 0 5 55 55 85 85 95 125 135 195 105 185 185 165 185 35 35 205 175 185
45 85 125 45 45 95 15 205 155 175 165 175 175 185 185 15 45 155 115 195 75 195 105 95 215 215 65 135 95 95 55 225 25 25 35 195 145 115 85 45 115 5 5 0 45 45 85 85 85 125 125 185 105 175 175 155 175 25 25 205 165 175
15 35 75 15 15 55 35 155 115 135 125 135 135 135 135 45 15 115 75 155 25 145 105 65 175 165 25 95 85 45 15 175 25 35 15 155 95 65 35 15 75 55 55 45 0 5 35 35 45 75 75 135 65 135 135 115 125 25 25 155 125 125
15 35 75 15 15 55 35 155 115 135 125 135 135 135 135 45 15 115 75 155 25 145 105 65 175 165 25 95 85 45 15 175 25 35 15 155 95 65 35 15 75 55 55 45 5 0 35 35 45 75 75 135 65 135 135 115 125 25 25 155 125 125
45 5 45 35 45 25 75 125 75 95 85 95 95 105 95 75 45 75 45 115 25 115 115 65 135 135 15 55 95 15 25 145 55 65 45 115 65 35 5 35 45 95 85 85 35 35 0 5 15 45 45 105 45 95 95 75 95 55 55 115 85 95
45 15 45 35 45 25 75 115 75 95 85 95 95 105 95 75 45 75 45 115 15 115 125 65 135 135 25 55 95 15 25 145 55 65 55 115 65 35 15 35 45 95 85 85 35 35 5 0 5 35 45 105 55 95 95 75 95 55 55 115 85 95
45 15 35 45 45 15 75 115 75 95 75 85 95 95 95 85 45 65 45 115 15 105 125 75 135 125 25 55 105 5 35 135 65 75 55 115 55 25 15 45 45 95 95 85 45 45 15 5 0 35 35 105 55 95 85 65 85 65 65 115 85 85
85 45 5 75 85 25 115 75 45 65 45 55 55 65 55 115 85 35 35 85 55 75 145 85 95 95 55 25 125 25 65 105 95 105 85 75 25 15 45 75 45 125 125 125 75 75 45 35 35 0 5 65 65 55 55 35 55 95 95 85 45 55
85 45 15 75 85 25 115 75 35 55 45 55 55 55 55 115 85 35 35 85 55 75 145 85 95 95 55 25 125 25 65 105 95 105 95 75 25 15 45 75 45 135 135 125 75 75 45 45 35 5 0 65 65 55 55 35 55 95 95 75 45 55
135 95 75 145 145 95 175 45 25 15 25 25 35 35 35 185 145 55 65 15 115 55 175 115 35 35 115 45 165 95 125 55 165 175 145 55 55 75 105 135 75 195 195 185 135 135 105 105 105 65 65 0 95 35 35 45 15 155 165 25 15 25
65 45 75 75 85 65 105 125 75 95 85 95 105 105 105 105 85 95 35 105 65 125 85 25 135 125 45 55 65 55 55 155 95 95 65 135 75 65 35 55 25 115 105 105 65 65 45 55 55 65 65 95 0 105 105 85 95 75 85 115 85 95
135 95 55 135 135 85 165 25 35 25 25 15 5 5 5 175 135 25 75 55 105 25 195 135 45 45 115 55 175 85 125 45 155 165 145 25 35 65 95 135 85 185 185 175 135 135 95 95 95 55 55 35 105 0 5 25 25 155 155 35 35 15
135 95 55 125 135 75 165 25 35 25 15 15 5 5 5 165 135 25 75 45 105 25 195 125 45 45 115 55 175 85 125 45 155 165 145 25 35 65 95 135 85 185 185 175 135 135 95 95 85 55 55 35 105 5 0 25 15 155 155 35 35 15
115 75 35 105 115 55 145 45 25 35 15 25 25 25 25 145 115 15 55 55 85 45 175 115 65 65 95 35 155 65 105 65 135 145 125 45 15 45 75 115 65 165 165 155 115 115 75 75 65 35 35 45 85 25 25 0 25 135 135 55 25 25
135 85 55 125 135 75 165 35 25 5 5 5 15 15 15 165 135 35 65 35 105 45 175 115 45 45 105 45 165 75 115 55 145 155 135 45 35 65 95 125 75 185 185 175 125 125 95 95 85 55 55 15 95 25 15 25 0 145 145 25 15 5
15 55 95 25 25 75 35 175 125 155 135 145 155 155 155 35 35 135 85 175 45 165 95 65 195 185 35 105 75 65 25 195 25 25 5 175 115 85 55 25 85 35 35 25 25 25 55 55 65 95 95 155 75 155 155 135 145 0 15 175 135 145
25 65 95 25 15 75 15 175 135 155 145 155 155 155 155 25 15 125 95 175 45 165 115 85 195 185 45 115 95 65 35 195 5 15 25 175 115 85 65 35 95 35 35 25 25 25 55 55 65 95 95 165 85 155 155 135 145 15 0 175 145 145
155 115 85 155 165 105 195 35 45 25 35 25 35 25 35 195 165 65 85 15 135 45 195 135 15 15 135 65 185 105 145 45 175 185 165 45 65 95 115 155 95 205 205 205 155 155 115 115 115 85 75 25 115 35 35 55 25 175 175 0 35 35
125 85 55 125 135 75 155 45 15 15 15 25 25 35 25 165 125 45 55 35 105 55 165 105 55 45 95 35 145 75 115 65 145 155 135 55 35 65 85 115 65 175 175 165 125 125 85 85 85 45 45 15 85 35 35 25 15 135 145 35 0 25
135 95 55 125 135 75 165 35 25 15 5 5 5 15 5 165 135 25 65 35 105 35 185 125 45 45 105 45 165 75 115 55 145 155 145 35 35 65 95 125 75 185 185 175 125 125 95 95 85 55 55 25 95 15 15 25 5 145 145 35 25 0
