7	0
10	0
11	0
12	0
18	0
23	0
11	1
12	1
14	1
23	1
27	1
1	2
2	2
3	2
5	2
6	2
7	2
12	2
21	2
7	4
11	4
12	4
13	4
14	4
17	4
28	4
10	5
18	5
23	5
30	5
1	6
6	6
11	6
12	6
16	6
17	6
18	6
19	6
23	6
29	6
30	6
1	7
2	7
3	7
6	7
10	7
11	7
12	7
16	7
17	7
18	7
19	7
21	7
23	7
29	7
30	7
55	7
0	8
1	8
2	8
5	8
10	8
11	8
12	8
18	8
19	8
23	8
25	8
27	8
28	8
29	8
30	8
1	9
2	9
10	9
11	9
12	9
14	9
16	9
18	9
23	9
25	9
27	9
29	9
47	9
50	9
55	9
0	10
1	10
10	10
11	10
12	10
17	10
22	10
25	10
28	10
11	11
12	11
16	11
21	11
29	11
1	12
3	12
11	12
12	12
18	12
23	12
28	12
29	12
30	12
47	12
1	13
11	13
12	13
16	13
17	13
18	13
19	13
23	13
25	13
28	13
29	13
30	13
47	13
1	14
6	14
9	14
10	14
11	14
12	14
13	14
14	14
16	14
17	14
18	14
19	14
23	14
25	14
27	14
29	14
30	14
47	14
49	14
50	14
55	14
59	14
60	14
2	15
6	15
16	15
30	15
21	16
0	17
1	17
2	17
3	17
5	17
6	17
10	17
11	17
12	17
16	17
17	17
20	17
23	17
27	17
29	17
30	17
1	18
3	18
6	18
10	18
11	18
16	18
17	18
23	18
27	18
29	18
30	18
1	19
6	19
10	19
11	19
12	19
14	19
16	19
17	19
23	19
27	19
29	19
30	19
0	20
1	20
6	20
11	20
12	20
16	20
17	20
24	20
25	20
3	21
4	21
10	21
11	21
12	21
13	21
14	21
16	21
20	21
27	21
29	21
55	21
0	22
6	22
11	22
16	22
19	22
22	22
24	22
25	22
28	22
0	23
1	23
6	23
10	23
11	23
12	23
14	23
16	23
19	23
25	23
29	23
50	23
0	24
1	24
6	24
10	24
11	24
12	24
14	24
16	24
19	24
25	24
29	24
50	24
55	24
11	25
12	25
13	25
17	25
21	25
25	25
29	25
0	26
1	26
2	26
5	26
6	26
11	26
12	26
16	26
17	26
19	26
20	26
22	26
23	26
24	26
25	26
28	26
29	26
30	26
2	27
3	27
16	27
23	27
29	27
0	28
1	28
2	28
3	28
5	28
10	28
11	28
12	28
17	28
18	28
19	28
23	28
27	28
28	28
29	28
30	28
0	29
1	29
2	29
3	29
5	29
7	29
11	29
12	29
16	29
20	29
24	29
25	29
29	29
30	29
50	29
0	30
1	30
2	30
5	30
6	30
11	30
12	30
16	30
17	30
19	30
22	30
23	30
24	30
25	30
28	30
29	30
30	30
1	31
2	31
3	31
5	31
11	31
12	31
15	31
16	31
20	31
23	31
29	31
30	31
47	31
11	32
12	32
37	32
11	33
12	33
14	33
29	33
47	33
50	33
55	33
59	33
1	34
2	34
3	34
5	34
11	34
16	34
23	34
29	34
30	34
0	35
1	35
2	35
3	35
5	35
10	35
11	35
12	35
16	35
18	35
20	35
23	35
28	35
29	35
30	35
1	36
2	36
3	36
5	36
11	36
15	36
16	36
17	36
20	36
23	36
24	36
29	36
30	36
47	36
50	36
32	37
37	37
38	37
39	37
40	37
47	37
49	37
50	37
52	37
53	37
57	37
32	38
34	38
38	38
39	38
40	38
45	38
47	38
49	38
50	38
53	38
57	38
36	39
45	39
54	39
29	40
32	40
37	40
38	40
39	40
40	40
43	40
44	40
45	40
47	40
49	40
50	40
52	40
53	40
54	40
55	40
56	40
61	40
40	41
45	41
47	41
51	41
52	41
53	41
34	42
38	42
39	42
40	42
43	42
44	42
45	42
48	42
50	42
51	42
52	42
53	42
55	42
56	42
29	43
32	43
34	43
37	43
38	43
39	43
40	43
45	43
50	43
52	43
53	43
55	43
14	44
32	44
34	44
35	44
39	44
47	44
50	44
51	44
54	44
55	44
59	44
61	44
31	45
42	45
44	45
49	45
51	45
53	45
61	45
47	46
43	47
44	47
47	47
48	47
50	47
53	47
32	48
40	48
44	48
45	48
47	48
50	48
53	48
56	48
14	50
39	50
45	50
47	50
50	50
51	50
59	50
29	51
32	51
34	51
38	51
39	51
40	51
43	51
44	51
45	51
47	51
48	51
50	51
52	51
55	51
56	51
11	52
12	52
16	52
29	52
32	52
34	52
37	52
38	52
39	52
40	52
43	52
44	52
45	52
46	52
47	52
48	52
50	52
52	52
53	52
55	52
56	52
32	53
39	53
40	53
47	53
48	53
49	53
50	53
51	53
53	53
55	53
61	53
32	54
37	54
39	54
40	54
48	54
49	54
50	54
55	54
38	55
39	55
40	55
45	55
48	55
56	55
39	56
40	56
43	56
46	56
47	56
48	56
49	56
50	56
52	56
53	56
45	57
46	57
47	57
50	57
51	57
55	57
32	58
34	58
50	58
29	59
34	59
37	59
38	59
40	59
49	59
50	59
52	59
55	59
31	60
47	60
51	60
53	60
61	60
29	61
32	61
33	61
34	61
37	61
38	61
39	61
47	61
50	61
52	61
42	62
47	62
42	63
43	63
44	63
47	63
48	63
53	63
31	64
41	64
47	64
35	65
50	65
53	65
