0	244
0	260
0	90
0	253
0	252
0	285
0	188
0	153
0	155
0	271
1	196
1	32
1	115
1	151
1	139
1	6
1	45
1	186
1	148
2	262
2	213
2	148
2	288
2	15
2	16
2	128
2	240
3	173
3	128
3	56
5	277
5	173
5	178
5	22
5	46
5	18
5	216
6	239
6	71
6	69
7	119
7	252
7	247
7	118
7	40
7	277
8	228
8	240
8	16
8	119
8	220
8	279
8	255
8	251
9	141
9	195
10	240
10	80
10	255
10	285
10	287
10	63
10	267
10	210
10	251
10	262
11	286
11	234
11	237
11	233
11	51
11	665
11	213
11	251
11	252
11	91
13	78
13	77
14	241
14	87
14	253
14	265
14	216
14	198
14	161
14	277
14	24
15	234
15	263
15	286
15	213
15	180
15	148
15	233
15	284
16	40
17	141
17	50
18	281
18	216
18	88
18	135
18	93
18	267
18	180
18	580
19	157
19	156
19	9
19	19
19	95
19	55
20	213
20	281
20	267
20	252
20	277
20	235
20	173
20	262
20	109
20	216
21	48
21	242
21	154
22	251
22	286
22	259
22	226
22	269
22	140
22	284
22	69
22	247
22	212
23	18
23	245
23	29
23	118
23	255
23	159
23	119
23	38
23	149
23	234
24	178
24	6
24	18
24	73
24	151
24	195
24	139
24	240
24	118
24	7
25	286
25	241
25	222
25	219
25	296
25	259
25	203
25	288
25	256
25	25
26	18
26	151
26	279
26	206
26	288
26	16
26	14
26	53
26	283
26	216
27	251
27	95
27	237
27	234
27	37
27	11
27	42
27	258
27	233
27	140
28	277
28	247
28	243
28	288
28	204
28	252
29	45
29	32
29	138
29	196
29	121
29	162
29	148
29	185
29	263
30	53
30	63
30	36
30	151
30	54
30	178
30	277
30	267
30	139
30	17
31	218
31	36
31	277
31	119
31	269
31	54
31	173
31	137
31	249
31	213
32	17
32	198
32	173
32	249
32	53
32	241
32	151
32	54
32	277
32	235
33	122
33	154
33	18
33	178
33	290
33	277
33	118
33	151
33	51
34	202
35	202
35	173
35	120
35	53
35	151
35	70
35	235
35	148
35	54
35	198
36	9
36	215
36	157
36	237
36	233
36	229
37	3
37	189
37	236
37	5
37	85
37	96
37	188
37	174
37	213
37	253
38	255
38	262
38	216
38	256
38	133
38	604
38	283
38	364
38	356
39	18
39	144
40	198
40	277
40	209
40	580
40	144
40	218
40	173
40	288
40	377
41	407
41	409
41	173
41	408
41	88
42	285
42	83
42	252
42	235
42	281
42	5
42	219
42	61
42	98
42	286
43	206
43	15
43	193
44	95
44	210
46	36
46	253
47	210
47	263
47	240
47	127
47	213
47	286
47	148
47	252
48	216
48	277
48	54
48	281
48	267
48	234
48	149
48	252
48	213
48	122
49	137
49	115
49	151
49	236
49	288
49	31
49	277
49	259
49	213
50	57
50	103
50	154
50	224
50	165
50	361
51	46
51	151
51	53
51	17
51	277
51	178
51	173
51	70
51	76
51	279
52	237
52	233
52	210
52	551
52	9
52	284
52	414
52	215
52	234
52	618
53	149
53	69
53	240
53	267
53	259
53	229
53	89
53	228
53	262
53	277
54	253
54	216
54	248
54	281
54	235
54	263
54	117
54	268
54	267
55	6
55	151
55	139
55	195
55	32
55	107
56	202
56	109
57	221
57	104
58	120
58	70
58	54
58	178
58	202
58	253
58	115
58	69
58	17
58	239
60	220
60	55
61	61
61	39
61	137
61	278
61	102
61	51
61	247
61	243
61	283
62	38
62	261
62	247
62	155
62	234
62	195
62	210
62	207
62	252
62	689
63	237
63	234
63	233
63	9
63	91
63	157
63	55
63	95
63	210
63	284
64	213
64	94
64	580
64	286
64	262
64	40
64	216
64	247
64	267
65	233
65	9
65	220
65	237
65	234
65	255
65	210
65	100
65	284
65	245
66	213
66	252
66	174
66	113
66	615
66	261
66	263
66	293
66	665
66	286
68	196
68	162
68	32
68	148
68	185
68	121
68	186
68	205
68	134
68	172
69	148
69	142
69	286
69	115
69	213
69	139
69	196
69	68
69	172
69	45
70	288
70	294
70	94
70	253
70	236
70	115
70	235
70	161
70	101
70	120
71	51
71	264
71	220
71	222
71	286
71	251
71	203
71	59
72	118
72	203
72	286
72	247
72	252
72	12
72	40
72	253
72	240
72	283
73	74
73	252
73	247
74	186
74	45
74	32
74	6
74	26
74	141
74	50
75	115
75	139
75	217
75	151
75	31
75	128
76	40
76	225
76	226
76	52
77	140
77	251
78	139
78	48
78	281
78	94
78	64
78	151
79	40
79	23
79	282
79	238
79	277
79	556
79	261
79	253
79	41
79	90
80	18
80	76
80	181
81	122
81	290
81	269
82	124
82	290
83	198
83	218
83	277
83	173
83	17
83	150
83	235
83	216
83	267
83	140
84	18
84	149
84	255
84	84
84	256
84	100
84	228
84	283
84	16
85	31
85	139
85	148
85	7
85	115
85	263
85	178
85	213
85	262
86	148
86	263
86	31
86	286
86	213
86	196
86	283
86	251
86	240
87	278
87	283
87	243
87	288
87	284
87	137
87	286
87	269
87	210
87	198
88	138
88	196
88	205
88	31
88	172
88	134
89	172
89	134
89	32
89	27
89	185
89	138
89	162
89	196
89	205
90	68
90	70
90	136
90	148
90	151
90	17
90	198
90	45
90	56
90	164
92	7
92	75
92	216
92	252
92	286
92	240
92	284
92	263
92	241
92	135
93	288
93	75
93	90
93	78
93	79
94	177
94	30
96	240
96	151
96	16
96	139
96	148
96	277
96	213
96	252
96	286
96	288
97	213
97	262
97	114
97	165
97	216
97	288
97	256
97	267
98	262
98	293
98	218
98	615
98	213
98	267
98	665
98	619
98	216
98	663
99	40
99	151
99	195
99	68
99	141
99	23
99	213
99	252
99	63
99	238
100	153
100	4
100	255
100	159
101	76
101	53
102	45
102	101
102	261
102	253
102	63
102	40
102	247
102	151
102	236
102	277
103	580
103	252
103	627
104	153
104	192
104	651
104	263
104	201
104	159
104	60
104	1
104	2
105	74
105	91
105	271
105	36
105	252
105	277
105	255
105	237
105	284
106	237
106	233
106	9
106	91
106	95
106	159
106	251
106	220
106	157
106	215
107	252
107	278
107	288
107	243
107	247
107	279
107	285
107	12
108	235
108	277
108	151
108	281
108	252
108	213
108	286
108	53
108	216
108	45
109	185
109	32
109	236
109	196
109	148
109	27
109	263
109	121
109	162
110	54
110	202
110	173
110	148
110	277
110	240
110	235
110	149
110	267
110	213
111	261
111	197
111	213
111	281
111	293
111	282
111	40
111	236
111	87
112	141
112	242
112	191
112	60
112	213
112	139
112	50
112	43
112	77
112	66
113	252
113	234
113	281
113	216
113	213
113	36
113	286
113	174
113	284
113	114
114	151
114	290
114	267
114	277
114	73
114	198
114	68
114	53
114	235
114	17
115	151
115	45
115	53
115	178
115	32
115	173
115	70
115	195
115	240
115	277
116	54
116	252
117	236
117	32
117	185
117	288
117	27
117	213
117	76
117	151
118	256
118	277
118	267
118	202
118	83
118	137
118	286
118	288
118	235
118	259
119	32
119	134
119	205
119	172
119	196
119	185
119	162
119	236
119	168
121	288
121	279
121	139
121	189
121	7
121	240
121	160
121	263
121	115
121	206
122	256
122	259
122	16
122	255
122	195
122	118
122	149
122	285
122	51
122	252
123	151
123	240
123	53
123	63
123	196
123	45
123	6
123	32
123	130
123	17
124	154
124	165
124	287
124	57
124	48
124	103
124	213
124	31
124	286
125	54
125	49
125	202
125	277
125	173
125	56
125	286
125	149
125	216
125	218
126	288
126	148
126	115
126	240
126	247
126	142
126	94
126	213
126	263
126	185
127	35
127	42
127	200
127	80
127	239
127	230
127	150
127	251
128	54
128	178
128	277
128	17
128	149
128	155
128	198
128	286
128	253
128	239
129	202
129	54
130	277
130	216
130	279
130	176
130	223
130	177
130	235
130	271
130	229
130	281
132	454
132	246
132	463
132	598
132	630
132	527
132	544
133	344
133	78
134	383
134	308
134	351
134	535
134	653
134	654
134	528
134	631
134	416
134	522
135	562
135	521
135	645
135	578
135	368
135	438
135	544
135	674
135	675
136	391
136	499
136	613
136	460
136	462
136	442
136	664
136	577
136	435
137	504
137	357
138	358
138	468
138	479
138	591
138	395
138	417
138	613
138	616
138	660
139	411
139	539
139	594
139	663
139	579
139	622
139	667
139	660
139	642
140	535
140	598
140	386
140	632
140	380
143	361
143	330
143	218
143	224
143	488
143	589
143	354
143	666
143	173
144	407
144	361
144	329
144	330
144	173
145	586
145	381
145	420
145	670
145	355
145	646
145	576
145	594
145	342
145	642
146	642
146	530
146	350
146	523
146	560
146	380
146	652
147	488
147	545
147	351
147	367
147	396
147	386
147	336
147	333
147	345
147	358
148	424
148	579
149	393
149	508
149	307
149	582
149	333
151	598
152	535
152	308
152	383
152	653
152	351
152	366
152	461
152	631
152	654
153	165
153	643
153	491
153	570
153	597
153	213
153	615
153	427
154	545
154	386
154	367
155	598
155	535
155	653
155	479
155	549
155	610
155	631
155	309
155	591
156	660
156	608
156	663
156	621
156	328
156	570
156	548
156	591
156	661
157	320
157	426
157	380
157	328
157	326
158	670
158	529
158	647
158	620
158	478
158	365
158	489
159	407
159	361
159	128
159	267
159	408
159	348
159	213
159	673
159	667
160	310
161	526
161	454
161	591
161	639
161	668
161	630
161	348
161	309
161	608
162	667
162	450
162	177
162	580
162	78
163	667
163	621
163	622
163	642
163	548
163	619
163	384
163	580
163	660
164	366
164	591
164	352
164	609
164	351
164	681
164	522
164	309
164	589
164	545
165	558
165	493
165	588
166	608
166	450
168	384
168	359
168	669
168	536
168	426
168	396
168	456
169	606
169	624
169	419
169	357
169	531
169	677
169	528
169	695
170	328
170	549
170	358
170	616
170	346
170	593
170	345
170	336
170	369
171	589
171	309
171	366
171	631
171	642
171	591
171	446
171	653
171	609
171	436
172	351
172	457
172	416
172	535
173	666
173	564
173	591
173	615
173	357
173	530
173	652
173	621
173	364
174	616
174	328
174	514
174	693
174	549
174	660
174	345
174	619
174	538
175	408
175	407
175	314
175	411
175	334
175	328
175	361
175	660
175	514
176	629
176	659
176	548
176	77
176	204
176	282
176	621
176	365
176	660
177	436
177	609
177	419
177	488
177	591
177	666
177	354
177	594
178	675
178	321
178	511
178	521
178	578
179	649
179	685
179	398
179	492
179	666
179	655
179	640
180	366
180	591
180	309
180	680
180	461
180	555
180	425
180	351
180	653
180	606
182	395
182	499
182	308
182	544
182	671
182	454
183	455
183	367
183	631
183	358
183	616
183	464
183	351
183	341
183	420
183	549
184	343
184	328
184	360
184	696
185	640
185	649
185	666
185	398
185	377
185	314
185	548
185	660
186	543
187	642
187	491
187	426
187	669
187	594
187	327
187	702
187	626
187	417
188	430
188	314
188	312
188	626
188	400
188	492
188	328
189	570
189	512
189	643
189	630
189	361
189	165
189	666
189	660
189	673
191	642
191	653
191	392
191	594
191	549
191	525
191	342
191	420
191	693
191	616
192	335
192	343
192	667
192	323
192	586
194	573
194	234
194	646
194	252
194	629
194	216
194	119
195	441
195	306
195	458
195	675
195	676
195	310
195	338
196	545
196	414
196	351
196	653
196	309
196	522
196	366
196	246
196	606
198	426
198	622
198	642
198	630
198	608
198	632
198	610
198	663
199	512
199	642
199	361
199	615
199	364
199	594
199	622
199	646
199	356
200	397
200	626
200	366
200	365
200	461
200	588
200	314
200	582
201	359
201	312
201	397
201	413
201	581
201	461
201	588
201	328
201	314
202	545
202	488
202	367
202	386
202	351
202	632
202	681
202	631
202	609
203	430
203	312
203	406
203	314
203	407
203	581
203	408
203	342
204	524
204	633
204	505
204	481
204	670
204	495
204	587
204	613
204	301
204	482
205	509
205	387
205	557
205	670
205	306
205	433
205	448
205	171
206	393
206	328
206	588
206	604
206	646
206	642
206	594
206	672
206	538
207	393
207	616
207	369
207	628
207	311
207	345
207	333
207	632
208	510
208	357
208	592
208	589
208	615
208	642
208	326
208	608
209	328
209	626
209	366
209	660
209	312
209	461
209	702
210	591
210	652
210	555
210	309
210	594
210	426
210	624
210	610
210	387
212	591
212	606
212	530
212	614
212	621
212	638
212	624
212	425
213	448
213	686
213	449
213	670
213	420
213	422
213	557
213	433
213	381
213	273
214	644
214	407
214	424
214	514
214	39
214	604
214	548
214	698
215	503
215	454
215	395
215	463
215	368
215	544
216	333
216	404
216	396
216	513
216	589
216	615
216	624
216	387
216	583
216	652
217	624
217	455
217	419
217	652
217	435
217	606
217	642
217	695
217	366
218	594
218	372
218	626
218	439
218	619
218	642
218	588
218	667
219	695
219	602
219	646
219	660
219	652
219	357
219	672
219	573
219	555
219	342
220	414
220	618
220	606
220	551
220	665
220	210
221	237
221	233
221	638
221	9
221	601
221	157
222	681
222	336
222	396
222	456
222	367
222	609
222	333
222	488
222	628
222	592
223	613
223	524
223	656
223	640
223	570
223	461
223	616
223	392
223	482
223	548
225	447
225	557
225	448
225	587
225	399
226	436
226	660
226	631
226	594
226	693
226	327
226	670
227	619
227	332
227	548
227	582
227	514
227	504
227	661
227	348
228	216
228	604
228	698
228	290
228	281
228	573
229	673
229	361
230	648
230	541
230	697
230	620
230	587
230	632
231	570
231	525
231	548
231	422
231	591
231	605
231	502
231	587
231	534
231	442
232	682
232	490
232	489
232	349
232	448
232	365
232	388
232	391
233	380
233	621
233	667
233	589
233	503
233	661
234	570
234	525
234	646
234	284
234	548
234	619
234	462
234	650
235	686
235	449
235	420
235	448
235	670
235	390
235	590
235	296
235	433
235	387
236	309
236	320
237	570
237	591
237	629
237	621
237	597
237	651
237	287
237	659
237	361
238	560
238	553
238	498
238	393
238	604
238	633
238	143
238	582
239	624
239	455
239	351
239	589
239	591
239	528
239	309
239	642
239	503
240	465
240	667
240	614
240	605
240	365
240	661
240	417
240	539
240	389
240	660
241	613
241	365
241	524
241	404
241	311
241	315
241	610
241	309
241	616
242	642
242	594
242	666
242	616
242	660
242	358
242	693
242	669
243	343
243	328
243	379
243	436
243	549
244	439
244	604
244	633
244	644
244	697
244	541
244	394
245	331
245	320
245	344
245	77
245	318
245	365
245	385
245	548
246	674
246	441
246	635
246	459
246	610
246	566
246	661
246	309
246	556
246	608
247	528
247	606
247	624
247	530
247	638
247	112
247	425
247	601
247	618
248	173
249	433
249	448
249	587
249	670
249	273
249	420
249	611
249	557
249	381
249	686
250	441
250	438
250	566
250	674
250	309
250	521
250	608
250	459
250	570
250	398
251	420
251	590
251	587
251	621
251	296
251	433
251	381
251	449
251	387
252	606
252	650
252	618
252	263
252	674
252	382
252	596
253	566
253	608
253	441
253	590
253	417
253	589
253	570
253	610
253	674
253	591
254	513
255	360
255	314
255	328
255	660
255	683
255	666
256	670
256	587
256	611
256	420
256	448
256	621
256	633
256	426
256	381
256	646
257	420
257	686
257	449
257	387
258	387
258	610
258	307
258	328
258	660
258	548
258	642
258	361
259	621
259	629
259	624
259	426
259	663
259	387
259	604
259	652
259	594
260	560
260	380
260	498
260	604
260	384
260	418
260	661
260	490
261	619
261	614
261	621
261	639
261	616
261	549
261	632
261	307
262	633
262	439
262	604
262	541
262	519
262	393
263	455
263	515
263	435
263	652
263	624
263	419
263	642
263	352
263	669
263	572
264	417
264	635
264	570
264	674
264	566
264	661
264	443
264	436
264	619
265	590
265	525
265	570
265	591
265	422
265	587
265	420
265	549
265	548
265	660
266	557
266	420
266	689
266	449
266	489
266	387
266	419
266	608
266	669
267	435
267	621
267	560
267	530
267	523
267	661
267	555
267	622
267	350
267	667
268	307
268	537
268	622
268	384
268	387
268	621
268	615
268	589
269	530
269	435
269	515
270	660
270	407
270	334
270	359
270	314
270	637
270	459
270	406
270	666
271	548
271	660
271	591
271	40
271	621
271	513
271	652
271	554
271	667
272	329
272	650
272	619
272	218
272	661
272	267
272	666
272	452
273	347
273	594
273	359
273	365
273	642
273	371
274	172
274	162
274	138
274	121
274	31
274	148
274	673
274	263
274	213
275	385
275	667
275	532
275	377
275	646
275	621
275	594
276	267
276	252
276	247
276	426
276	44
276	195
276	271
276	667
277	365
277	243
277	340
278	138
279	360
279	314
279	406
279	342
279	538
279	626
279	683
279	328
280	551
280	443
280	685
280	414
280	618
281	157
281	601
281	19
281	156
281	0
281	9
281	55
281	193
281	237
281	233
282	612
282	688
283	649
285	537
285	673
285	659
285	484
285	513
285	504
286	644
287	206
288	556
288	377
288	660
288	697
289	642
289	594
289	646
289	377
289	667
289	621
289	608
289	350
289	426
290	513
290	20
290	31
290	651
291	156
291	157
291	601
291	699
291	159
