0	535
0	314
0	266
0	525
0	211
0	101
0	459
0	336
0	225
0	331
2	105
2	423
2	8
3	108
3	178
3	107
5	543
5	277
5	181
5	229
5	385
15	376
15	168
15	449
15	16
15	359
20	260
20	212
20	266
21	91
21	105
21	64
21	16
21	449
21	247
21	441
21	399
21	102
22	77
22	525
22	493
22	320
23	269
24	181
25	211
25	206
25	226
25	331
25	275
25	312
25	190
25	397
25	221
25	238
28	206
28	152
28	253
28	226
28	269
28	312
28	190
28	386
28	211
31	423
31	424
31	264
31	194
31	277
31	24
31	543
31	292
31	229
31	214
32	480
32	538
32	101
32	125
32	296
32	121
41	252
41	258
41	447
41	463
41	468
41	384
41	161
41	443
41	499
41	473
42	161
42	447
42	410
42	437
42	485
42	258
42	252
42	271
42	384
42	227
43	265
43	276
43	230
43	279
43	237
43	299
43	422
43	444
43	486
43	469
45	269
45	162
45	252
45	447
45	253
45	190
45	412
45	161
45	175
45	331
46	258
46	252
46	468
46	443
46	270
46	278
47	161
47	253
47	227
47	447
47	384
47	264
47	271
48	443
48	384
48	227
48	410
48	161
48	214
48	437
48	271
48	447
48	473
49	115
51	118
51	48
53	313
53	472
53	467
53	211
53	312
53	510
53	206
53	190
53	331
53	226
55	211
55	206
55	221
55	331
55	190
55	226
56	331
56	478
56	226
56	190
56	206
56	221
56	211
56	453
56	397
56	275
57	472
57	467
57	313
57	185
57	312
57	510
58	226
58	331
58	275
58	225
58	166
58	211
58	478
58	206
58	152
58	175
59	384
59	447
59	410
59	161
59	473
59	493
59	437
59	443
59	252
59	393
60	444
60	422
60	469
60	237
60	488
60	265
60	486
60	230
60	411
60	276
61	458
62	458
63	359
63	6
64	214
64	182
64	264
64	393
64	278
64	413
64	245
64	470
64	223
64	227
65	161
65	384
65	410
65	473
65	77
65	437
65	227
65	271
65	443
65	193
66	161
66	384
66	447
66	227
66	271
66	252
66	410
66	393
66	443
66	485
67	505
67	16
67	423
67	399
67	194
67	266
67	64
67	238
67	91
67	247
69	443
69	271
69	227
69	161
69	173
69	188
69	272
69	278
70	161
70	447
70	485
70	384
70	271
70	410
70	252
70	525
70	227
70	443
71	27
75	318
77	130
77	528
79	297
79	205
79	1020
79	451
83	49
84	8
84	132
84	423
84	91
84	102
84	247
84	304
84	254
84	64
84	323
87	449
87	376
87	359
89	175
89	190
89	352
89	162
89	478
89	453
89	312
89	226
89	269
89	212
92	226
92	206
95	542
96	247
96	132
96	102
96	323
96	95
96	254
96	423
96	139
96	233
96	8
97	450
97	509
99	547
103	91
103	102
103	304
103	247
103	16
103	423
103	8
103	132
107	221
107	206
107	331
107	453
107	226
107	211
107	152
107	275
107	478
107	397
108	237
108	486
108	469
108	438
108	422
108	444
108	411
108	517
108	504
108	488
109	447
109	494
109	443
110	214
110	393
110	278
110	264
110	182
110	227
110	413
110	193
110	262
110	271
111	451
115	359
115	449
115	369
115	6
115	315
115	400
115	16
115	480
115	19
115	74
116	6
117	535
117	331
117	211
117	221
117	206
117	226
117	312
117	190
117	453
117	266
121	301
122	448
122	1259
123	211
123	206
123	331
123	221
123	226
123	275
123	312
123	238
123	190
123	397
124	279
124	276
124	259
124	455
124	237
124	444
124	265
124	422
124	230
124	411
125	211
125	206
125	226
125	331
125	275
125	221
125	312
125	190
125	238
125	397
126	379
126	458
127	472
127	467
127	313
127	510
127	185
128	226
128	206
128	275
128	211
128	331
128	190
128	312
128	310
128	397
128	152
130	260
130	233
138	334
139	101
139	16
140	204
143	27
144	138
145	241
146	413
146	148
146	274
146	239
146	182
146	393
146	241
146	214
154	1091
155	379
155	458
155	359
155	538
158	269
158	162
158	190
158	175
158	412
158	352
158	312
158	252
158	447
160	308
160	301
160	333
160	355
160	284
162	319
162	308
164	232
165	247
165	132
165	8
165	91
165	102
165	254
165	423
165	323
165	3
165	16
167	453
167	310
167	521
169	287
171	379
171	458
171	34
172	448
172	174
173	296
173	537
175	352
175	190
175	175
175	312
175	453
175	206
175	212
175	397
175	310
175	269
178	241
178	413
178	245
180	458
180	379
180	382
180	1198
180	1087
184	272
184	188
184	270
184	240
185	334
186	186
189	509
190	224
191	38
191	175
191	518
192	241
193	458
193	334
195	186
195	147
195	34
204	268
204	215
204	188
204	240
204	228
204	193
204	427
204	227
204	229
204	244
205	241
206	241
209	145
211	414
214	421
215	188
215	278
215	240
215	258
215	272
215	227
215	271
215	214
215	443
215	335
216	165
216	213
216	172
216	246
217	188
217	215
217	268
217	240
217	227
217	193
217	214
217	271
217	427
217	278
222	241
225	268
225	215
225	188
226	188
226	272
226	258
228	188
228	272
228	240
228	193
228	268
228	271
228	215
228	278
228	335
228	427
230	161
230	447
230	384
230	437
230	410
230	473
230	252
230	269
232	525
232	262
232	459
232	470
232	77
232	533
232	501
232	482
232	229
232	471
235	412
235	269
235	162
235	452
235	525
235	175
235	190
235	535
235	77
240	447
240	473
240	499
240	437
240	410
241	497
241	455
241	438
241	474
241	500
241	435
241	466
241	517
241	411
241	444
244	190
244	312
244	206
244	397
244	453
244	175
244	226
244	478
244	510
244	331
246	269
246	162
246	352
246	175
246	190
246	212
246	412
246	312
246	526
247	175
247	352
247	320
249	421
249	902
249	330
250	444
250	497
250	486
250	466
250	469
250	438
250	488
250	517
250	522
250	422
251	487
252	497
252	488
252	466
252	517
252	444
252	486
252	522
252	469
252	438
252	504
253	447
253	252
253	485
253	443
253	253
253	269
253	161
253	227
253	393
253	437
254	444
254	469
254	486
254	488
254	422
254	466
254	504
254	522
254	438
254	497
257	269
257	161
257	447
258	190
258	397
258	206
258	510
258	226
258	211
258	433
258	478
260	510
260	467
260	472
260	312
260	190
260	313
260	397
260	206
261	497
261	517
261	522
261	466
261	435
261	500
261	486
261	438
261	455
261	504
263	447
263	161
263	269
263	473
263	384
264	190
264	397
264	454
264	206
264	453
264	434
264	510
264	312
264	433
264	478
267	190
267	397
267	310
267	453
267	206
267	478
267	312
267	175
267	510
267	467
269	516
269	518
271	412
271	269
271	525
271	162
271	77
271	452
271	535
271	320
272	175
272	190
272	312
272	226
272	206
272	453
272	478
272	397
272	331
272	352
274	421
275	173
275	271
275	525
275	227
275	262
275	393
275	490
275	197
275	161
275	470
276	397
276	190
276	478
276	510
276	175
277	518
278	269
278	447
278	252
278	485
278	161
278	253
278	443
278	523
278	173
278	227
279	190
279	397
279	206
279	510
279	211
280	535
280	541
280	266
280	336
280	525
280	386
280	226
280	470
280	331
280	212
281	267
281	484
281	503
281	461
281	230
281	367
281	237
283	517
283	497
283	466
283	522
283	486
283	500
283	504
283	435
283	438
283	444
284	444
284	466
284	497
284	517
284	486
284	522
284	469
284	488
284	438
284	500
285	535
285	331
285	226
285	336
285	206
285	312
285	211
285	525
285	541
285	386
287	518
288	902
289	352
289	190
289	175
289	452
289	312
289	397
289	453
289	478
289	412
289	510
290	444
290	779
291	269
291	252
291	447
291	190
291	412
291	485
292	162
292	269
293	518
294	511
294	515
294	641
294	623
297	452
297	352
297	175
297	412
297	190
297	312
297	453
298	331
298	211
298	535
298	225
298	221
298	226
298	238
298	206
298	314
298	147
300	535
300	266
300	211
300	541
300	238
300	225
300	331
300	525
300	386
300	226
302	535
302	525
302	266
302	541
302	331
302	211
302	226
302	225
302	336
302	470
303	459
303	525
303	470
303	262
303	533
303	393
303	229
303	274
303	227
303	493
304	269
304	447
305	497
305	466
305	500
305	444
305	522
305	486
305	517
305	438
305	455
305	469
306	38
306	397
306	190
307	515
307	511
307	641
307	623
307	259
310	444
310	522
310	497
310	455
310	486
310	517
310	469
310	500
310	435
310	466
312	497
312	466
312	500
312	517
312	522
312	486
312	435
312	438
312	455
312	444
313	535
313	266
313	525
313	225
313	211
313	541
313	314
313	459
313	331
313	470
314	483
314	502
315	484
315	461
315	503
315	230
315	267
315	237
316	276
316	367
316	265
316	279
316	246
317	252
317	447
318	269
318	252
318	190
318	447
318	253
318	485
319	487
320	486
320	444
320	522
320	517
320	497
320	488
320	469
320	466
320	504
320	455
321	329
323	518
323	516
323	38
324	434
324	454
324	512
324	310
324	478
324	236
325	38
325	161
326	470
326	525
326	227
326	459
326	271
326	498
326	262
326	277
326	77
326	482
327	518
328	434
329	500
329	497
329	455
329	474
329	522
329	513
329	435
329	517
329	479
329	464
330	525
330	229
330	533
330	459
330	277
330	501
330	470
330	77
330	227
330	482
331	434
332	269
332	447
332	252
332	485
332	162
332	161
332	523
332	493
332	253
332	525
333	533
333	501
333	471
333	482
333	385
333	459
333	229
333	249
333	274
333	470
335	267
335	212
336	397
336	190
336	453
336	510
336	478
336	206
336	312
336	454
336	310
336	434
337	434
337	454
337	512
338	229
338	525
338	262
338	227
338	533
338	471
338	459
338	277
338	271
338	470
339	461
339	503
339	230
339	484
339	267
339	265
339	237
339	367
339	299
339	276
340	266
340	535
340	541
340	64
340	470
340	91
340	459
340	211
340	482
340	498
342	497
342	517
342	466
342	500
342	444
342	438
342	455
342	435
342	474
342	522
343	525
343	533
343	470
343	77
343	482
343	227
343	501
343	229
343	471
343	271
344	516
345	269
345	485
345	447
345	493
345	253
345	252
345	162
345	523
345	443
346	421
346	902
347	486
347	488
347	504
347	444
347	469
347	522
347	466
347	517
347	497
347	479
351	525
351	470
351	227
351	459
351	262
351	271
351	229
351	482
351	471
351	501
352	555
352	262
352	271
353	252
355	535
355	266
355	525
355	482
355	225
355	501
355	471
355	470
355	533
355	541
356	503
356	484
356	230
357	462
357	367
357	276
357	279
358	525
358	533
358	262
358	501
358	459
358	229
358	482
358	471
358	227
358	470
359	462
359	503
359	484
359	230
359	367
359	276
359	279
360	59
362	535
362	266
362	541
362	525
362	470
362	482
362	459
362	225
362	212
362	501
363	484
363	461
363	503
363	267
363	230
363	367
363	265
363	172
363	276
364	269
364	447
364	485
364	252
364	162
364	412
365	269
365	447
365	252
365	485
365	162
365	412
365	253
367	525
367	470
367	459
367	227
367	262
367	271
367	498
367	393
367	482
367	229
368	484
368	503
368	461
368	230
368	367
368	267
368	265
368	276
368	340
369	535
369	266
369	541
369	211
369	226
369	331
369	206
369	312
369	525
369	238
370	461
370	503
370	484
370	230
370	265
370	276
370	367
370	279
370	267
371	340
373	467
373	312
374	535
374	266
374	541
374	470
374	211
374	525
374	498
374	459
374	225
374	238
375	461
375	503
375	484
375	230
375	367
375	340
375	172
375	265
377	535
377	266
377	541
377	525
377	211
377	470
377	459
377	225
377	212
377	331
381	280
382	260
382	70
382	255
382	274
383	535
383	541
383	266
383	211
383	525
383	336
383	226
383	212
383	331
383	206
385	266
385	482
385	535
385	501
385	471
385	541
390	210
391	1481
391	1486
394	278
394	470
394	194
394	196
394	214
394	172
394	183
394	223
394	366
394	335
395	643
395	759
395	653
396	644
396	1449
396	898
396	792
396	769
399	898
400	1449
400	852
400	643
401	644
401	695
402	1196
402	644
403	1489
403	636
403	744
403	867
403	1083
409	1016
411	643
415	643
418	679
418	725
418	593
418	681
418	444
418	680
418	779
418	634
418	724
418	466
420	644
420	744
420	1468
420	1237
420	695
425	587
427	636
427	599
427	671
427	1489
427	765
428	593
428	725
428	679
428	444
428	779
428	497
428	466
428	681
428	724
428	680
430	679
430	725
430	634
430	593
430	444
430	488
430	681
430	718
430	469
430	504
433	1459
433	785
435	671
435	636
436	725
436	679
436	488
436	718
436	469
436	779
436	593
436	504
437	816
437	778
437	671
438	725
438	679
438	488
438	444
438	593
438	517
438	486
438	466
438	504
438	469
440	593
440	799
440	641
440	623
440	610
440	631
440	700
440	694
440	779
440	691
441	816
441	778
442	679
442	725
442	634
445	593
445	679
445	799
445	724
445	444
445	725
445	779
445	681
445	691
445	680
447	679
447	725
447	634
447	488
450	1450
450	636
450	1437
450	671
450	599
450	1007
450	914
450	981
450	643
450	732
451	593
451	444
451	466
451	497
451	724
451	799
451	679
451	488
451	486
451	718
453	763
453	764
453	780
453	788
454	593
454	679
454	725
454	444
454	488
454	466
454	497
454	718
454	469
454	486
455	636
455	599
458	939
458	1116
459	641
459	623
459	610
461	679
461	725
461	488
461	444
461	486
461	593
461	469
461	466
461	504
461	718
462	788
462	764
462	780
462	850
462	842
463	679
463	725
463	634
463	681
463	680
463	693
463	488
464	593
464	799
464	779
464	444
464	724
464	718
465	788
465	764
465	842
466	444
466	679
466	466
466	725
466	486
466	488
466	593
466	724
466	497
466	522
469	882
472	816
472	778
473	691
473	593
473	799
473	631
473	610
473	719
473	681
473	680
473	694
473	700
475	1007
475	765
475	1437
475	558
475	1419
475	981
475	636
475	1441
476	1419
478	593
478	679
478	444
478	725
478	488
478	469
478	681
478	517
478	680
478	486
479	1419
479	765
481	764
481	780
481	788
481	842
482	679
482	725
482	593
482	444
482	681
482	680
482	634
482	488
482	718
482	469
483	778
484	679
484	725
484	593
484	444
484	488
484	718
484	466
484	469
484	681
484	497
485	854
486	1419
487	745
489	679
489	725
489	593
489	779
489	724
489	718
489	799
489	444
489	634
489	681
490	1419
491	779
491	724
491	718
491	455
491	500
491	497
491	466
491	641
491	444
491	435
492	780
492	764
492	763
492	842
493	724
493	265
493	679
493	276
493	444
493	279
493	422
493	718
493	799
493	230
494	599
495	679
495	444
495	725
495	593
495	488
495	486
495	466
495	469
495	422
495	504
498	780
498	764
498	763
498	842
498	788
498	850
499	593
499	679
499	681
499	725
499	680
499	444
499	719
499	691
499	693
499	634
500	764
500	788
500	842
500	780
500	850
501	593
501	799
501	681
501	679
501	680
501	444
501	691
501	725
501	641
501	719
502	679
502	725
502	593
502	444
502	488
502	634
502	718
502	681
502	719
502	799
503	983
505	764
506	725
506	679
506	488
506	444
506	466
506	504
506	779
506	718
506	486
506	522
508	779
508	724
508	718
508	497
508	466
508	641
508	500
508	455
508	799
508	444
509	1441
509	765
509	1048
509	1473
510	779
510	724
510	718
510	799
510	444
510	641
510	466
510	279
510	422
510	455
511	1437
512	853
513	1450
513	1473
513	732
513	599
519	1198
521	644
522	687
522	794
523	763
524	780
524	842
524	764
524	763
524	850
524	788
524	971
524	680
525	693
525	680
525	681
525	691
527	599
527	671
527	636
527	643
527	1016
527	1007
527	1489
527	1450
530	853
531	558
531	765
531	636
531	1007
531	599
532	679
532	725
532	634
534	679
534	725
536	761
538	780
538	842
538	850
538	764
538	763
538	788
538	971
538	680
543	764
545	780
545	842
545	763
545	764
545	850
545	788
545	971
547	1048
547	765
549	580
549	769
550	981
551	704
552	763
552	780
552	842
552	971
552	764
555	779
555	718
555	724
555	799
555	679
555	444
555	299
558	1441
558	765
561	915
561	718
562	780
562	842
562	764
562	788
562	850
562	680
562	763
562	681
567	644
568	801
568	705
568	633
568	754
568	569
568	1198
568	890
569	671
569	599
573	739
573	1478
573	713
573	964
573	682
576	850
579	643
579	713
579	602
579	1237
582	644
582	1196
584	1016
587	643
594	750
594	768
595	878
595	897
601	1237
601	1489
601	713
601	599
601	1478
601	744
604	644
604	792
604	704
606	713
608	205
609	713
609	1237
609	633
609	642
609	712
609	754
610	644
610	633
612	449
613	359
613	360
613	79
613	874
613	350
613	481
614	750
614	749
616	949
619	1020
621	1465
621	1087
621	743
621	1456
621	713
622	772
623	1475
624	671
630	1494
630	448
631	1259
631	602
632	1237
632	1449
632	760
633	644
633	713
633	609
633	815
633	806
633	843
634	643
634	642
634	852
634	712
634	633
634	864
634	704
634	713
636	580
637	920
637	759
637	666
639	359
639	449
640	1033
640	1025
641	1196
641	945
641	1237
641	1482
641	920
642	921
642	1472
646	1494
648	713
648	712
648	1237
648	642
648	644
648	633
648	1114
648	792
648	602
648	580
649	1459
649	590
649	956
649	1445
649	785
649	1455
649	923
649	1371
649	1477
649	1283
650	1308
650	713
650	1437
650	786
650	580
651	1478
652	787
652	754
654	643
654	594
656	898
656	945
656	1196
656	704
657	563
659	975
659	458
659	492
659	632
659	1037
662	810
662	1437
662	760
663	671
663	636
663	1437
664	1437
665	713
665	1018
665	686
666	1494
666	581
666	824
666	644
667	906
668	1020
668	297
668	451
671	254
671	132
671	139
671	102
671	323
671	167
671	131
671	8
672	767
673	1259
673	569
673	843
674	643
674	1016
674	1489
674	759
674	744
674	636
674	861
674	1196
677	643
677	852
677	670
680	732
680	1237
680	1489
680	1083
680	867
680	636
680	759
