1	28
1	41
1	123
1	57
2	13
3	14
4	15
5	31
5	23
5	22
5	71
6	1
6	27
6	52
6	32
8	75
8	20
8	144
8	1
9	8
9	16
11	74
11	103
11	70
11	84
12	32
12	27
12	128
12	1
13	24
13	11
13	29
13	40
14	30
14	12
14	25
14	48
15	16
16	3
17	47
17	29
17	24
17	11
18	25
18	12
18	68
18	48
20	28
20	41
20	64
20	123
21	142
21	119
21	157
22	10
23	26
23	17
23	3
24	75
24	20
24	37
24	110
25	29
25	24
25	47
25	11
26	30
26	25
26	63
26	12
28	16
28	10
28	8
29	17
29	26
29	19
30	57
30	53
30	23
30	71
31	53
31	57
32	41
32	28
32	123
32	64
33	62
33	67
33	11
33	47
34	63
34	48
34	68
34	30
35	20
35	37
35	110
35	75
36	22
36	92
36	64
36	28
40	104
40	192
40	214
41	157
41	185
41	95
44	35
44	43
45	47
45	24
45	29
45	82
46	48
46	25
46	30
46	63
47	45
47	276
49	71
49	72
49	31
49	23
51	55
52	80
52	1
52	52
52	128
53	20
53	75
53	37
53	110
54	20
54	75
54	37
54	110
55	73
55	91
55	78
56	28
56	41
56	123
56	64
57	93
57	67
57	125
57	135
58	136
58	94
58	126
58	58
61	43
61	35
63	53
63	57
63	99
63	108
64	31
64	22
64	23
64	168
65	128
66	32
66	37
66	110
66	20
67	42
68	78
68	73
68	91
69	58
69	136
69	94
69	131
71	1
71	52
71	80
71	20
72	77
72	80
72	37
72	1
73	67
73	82
73	93
73	11
74	68
74	89
74	83
74	94
76	74
76	113
76	69
76	70
79	69
79	74
79	84
79	100
81	70
81	74
82	110
82	37
82	20
82	75
83	87
83	129
83	351
84	102
85	113
85	69
85	84
85	100
87	54
87	103
87	86
87	84
89	34
89	42
90	79
90	91
90	73
91	50
91	85
92	276
92	214
92	45
93	66
94	98
94	99
94	53
94	57
95	99
95	53
95	108
95	57
97	86
97	100
97	102
97	103
98	124
99	125
99	158
99	88
99	93
100	126
100	136
100	159
100	89
102	120
102	171
103	123
103	28
103	41
103	64
105	27
105	128
105	144
105	32
108	50
109	146
109	210
109	199
110	200
110	146
110	177
110	139
111	147
111	140
111	155
111	166
112	22
112	92
112	64
112	31
113	100
113	69
113	84
113	113
114	102
114	100
114	84
114	103
115	103
115	74
115	84
115	113
116	54
116	70
116	86
116	103
117	84
117	103
117	113
117	74
120	157
120	104
124	185
124	150
124	142
124	192
125	121
125	115
125	144
125	27
126	108
126	162
126	72
126	31
127	109
128	137
128	86
128	100
128	102
130	22
130	31
130	92
130	23
131	82
131	88
131	47
131	24
132	83
132	89
132	68
132	25
136	167
136	52
136	27
136	1
139	192
139	61
139	214
139	185
143	114
144	162
144	72
144	168
144	108
145	194
145	138
145	176
145	154
148	106
148	141
150	135
150	93
150	125
150	158
151	136
151	94
151	126
151	131
152	190
152	397
152	119
152	143
153	129
153	87
153	40
153	82
155	85
155	320
157	138
157	176
157	194
157	154
158	235
158	305
158	199
158	210
159	195
159	140
159	155
159	250
160	200
160	249
160	139
161	226
161	148
161	169
161	213
166	185
166	214
166	275
166	192
167	114
167	164
167	115
168	164
168	144
168	115
168	27
169	87
169	129
169	351
170	88
170	93
170	135
170	130
171	131
171	136
171	89
171	94
172	261
172	165
172	241
173	201
173	166
173	250
174	153
174	184
175	192
175	106
175	61
175	190
176	105
176	104
177	118
177	392
177	190
178	170
179	124
180	125
180	158
180	135
180	93
181	126
181	159
181	136
181	131
183	251
184	169
184	213
184	148
184	226
185	160
185	163
188	366
189	270
189	117
190	192
190	141
190	104
190	214
192	115
192	164
192	167
192	52
193	144
193	27
193	164
193	115
195	194
195	176
195	154
195	138
196	140
198	171
198	120
199	223
199	220
200	226
200	213
200	169
200	148
201	158
201	88
201	93
201	130
202	159
202	83
202	131
202	89
203	59
203	127
203	49
207	176
207	194
207	138
207	154
208	146
208	199
208	210
208	235
211	114
211	321
212	168
212	22
212	162
212	31
213	205
213	374
213	253
213	243
214	200
216	275
216	119
216	185
216	392
217	194
217	305
217	199
217	154
218	242
218	203
218	250
218	211
219	205
220	50
223	128
223	32
223	27
223	110
224	165
224	176
224	154
224	261
225	195
225	166
225	250
225	156
226	202
226	235
226	305
226	199
227	250
227	242
227	203
227	195
229	153
230	174
230	175
230	86
231	200
232	201
232	250
232	166
232	155
233	165
233	305
233	176
233	235
234	139
235	220
235	223
235	213
235	148
236	154
236	176
236	194
236	287
237	155
237	195
237	140
237	211
238	155
238	195
238	140
238	211
241	169
241	213
241	226
241	148
242	179
242	225
243	194
243	235
243	305
243	199
244	249
244	235
244	200
245	250
245	242
245	201
245	156
246	226
246	169
246	148
246	213
247	160
247	161
247	163
248	300
250	207
250	208
251	208
251	207
251	209
251	284
252	235
252	305
252	194
252	202
253	302
253	309
253	278
253	245
254	231
254	332
256	229
256	290
256	239
256	289
257	233
257	294
257	332
257	246
259	153
259	193
261	234
262	320
263	269
263	317
263	341
263	322
264	70
264	84
264	113
264	100
265	185
265	275
265	142
265	95
268	287
268	176
268	138
268	154
269	202
269	305
270	176
270	305
270	154
270	138
271	262
272	268
273	210
273	202
273	146
274	155
274	195
274	250
274	140
275	336
275	312
275	298
275	281
276	278
276	331
276	308
276	354
277	310
277	362
278	364
278	248
279	154
280	238
280	246
280	248
280	355
281	282
281	135
282	284
283	284
283	283
283	209
286	253
286	319
286	342
286	301
290	293
290	302
290	237
290	245
291	304
291	246
291	238
291	294
292	235
292	305
292	199
292	194
295	228
296	239
296	290
296	289
296	229
298	341
298	322
298	274
298	328
299	278
299	354
299	308
300	304
300	294
300	246
301	176
301	287
301	138
301	154
302	285
302	259
302	272
302	324
303	255
303	281
303	298
303	336
304	301
304	243
304	319
304	253
305	290
305	229
305	239
305	289
306	290
306	239
306	229
306	289
307	239
307	290
307	289
307	156
308	205
308	374
308	301
308	319
310	266
311	322
311	328
311	274
311	341
312	308
312	354
312	237
312	278
314	290
314	289
314	239
314	229
315	290
315	239
315	289
315	229
316	216
316	260
317	218
317	267
317	346
317	347
319	266
319	221
321	267
321	218
321	346
321	347
322	251
323	288
324	176
324	287
324	138
324	261
325	261
325	191
326	253
326	271
326	205
327	312
327	255
327	298
327	281
328	336
328	312
328	298
328	281
331	260
331	216
332	320
333	321
333	281
334	174
334	175
334	267
335	154
335	194
335	163
335	176
336	245
336	232
336	361
336	237
337	312
338	263
341	328
341	322
341	274
341	113
344	281
344	312
344	336
344	255
345	323
347	313
347	376
347	173
350	327
350	363
350	247
350	361
351	310
351	372
352	381
352	347
352	388
352	363
353	309
353	247
353	361
354	279
355	304
355	238
355	294
356	302
356	245
356	237
357	279
357	362
358	295
358	272
358	315
358	334
360	257
360	360
361	272
361	326
361	334
361	324
362	272
362	295
362	326
362	324
363	331
363	308
363	354
363	371
364	238
364	364
364	246
365	334
365	325
365	295
365	335
366	295
366	325
366	272
366	334
367	263
368	334
368	335
368	295
368	316
370	281
370	255
370	336
370	312
371	312
371	336
372	141
372	276
372	50
372	270
375	336
375	312
375	298
375	281
376	312
376	336
376	298
376	255
378	302
378	361
378	245
379	310
379	279
380	319
380	243
380	301
380	374
382	349
382	344
382	316
382	324
383	344
383	316
383	349
383	324
385	266
386	281
386	312
386	321
386	336
387	253
387	205
387	374
387	319
388	335
388	334
388	295
388	325
389	347
389	144
389	164
389	115
390	278
390	331
390	354
391	364
391	248
391	246
391	238
392	344
392	325
392	334
392	316
393	118
393	142
397	319
397	374
397	205
397	253
399	374
399	205
399	243
399	301
400	329
400	335
401	330
402	330
403	375
403	350
403	377
405	343
408	192
408	141
408	214
409	275
409	385
409	150
409	119
412	359
412	300
412	350
413	360
413	257
413	363
413	327
418	350
418	376
420	337
421	340
421	341
421	328
421	322
422	327
422	361
422	247
422	309
423	372
423	248
423	364
423	355
425	348
427	351
427	87
427	129
428	351
431	333
431	124
434	346
434	218
434	395
434	267
436	368
436	26
436	17
442	351
442	87
442	129
443	8
446	190
446	393
447	119
447	390
448	376
448	313
448	350
449	373
449	384
449	382
449	389
450	143
450	224
450	118
450	397
453	381
453	388
453	395
453	347
456	383
456	387
456	380
456	389
457	382
457	373
457	384
457	383
459	182
461	383
461	389
461	380
461	387
462	387
462	380
462	383
462	389
463	118
463	190
463	142
466	393
474	149
474	190
475	142
475	214
475	185
475	192
476	108
476	168
476	99
476	57
483	143
483	119
488	214
488	185
488	192
491	395
491	317
491	346
491	388
497	413
497	404
497	487
500	409
500	481
501	405
501	402
501	412
502	481
502	409
503	492
503	414
503	415
503	493
504	404
504	413
504	487
505	412
505	405
505	402
506	410
507	415
507	514
507	410
508	492
508	415
509	414
509	493
510	415
510	493
510	492
510	414
511	492
511	414
511	493
511	415
512	493
512	415
512	492
512	414
517	431
517	419
517	442
518	432
518	420
518	440
519	422
519	504
519	429
519	426
520	442
520	419
520	434
521	435
521	421
522	426
522	429
522	422
522	504
523	503
524	420
524	434
526	426
526	429
526	422
526	504
527	442
527	434
527	419
528	441
528	442
528	434
529	429
529	426
529	422
529	504
530	433
530	437
530	446
531	443
531	419
531	427
532	427
532	440
532	434
533	441
533	428
533	440
534	505
534	419
534	441
534	434
535	445
535	506
535	439
535	573
536	446
536	751
536	461
537	447
537	464
537	588
538	450
539	455
540	464
540	461
540	446
541	453
542	454
544	462
545	514
545	469
545	473
545	463
546	463
546	472
546	474
546	469
547	457
547	519
547	511
547	508
548	449
550	456
550	465
550	745
551	461
551	510
551	406
551	446
554	471
555	452
555	472
555	515
556	457
556	511
556	507
556	638
557	458
557	457
557	825
558	465
558	456
558	745
558	459
559	467
560	469
560	514
560	473
560	463
561	470
561	474
561	515
561	463
562	471
563	472
563	470
563	463
563	469
564	492
565	473
565	469
565	514
565	474
566	474
566	470
566	463
566	515
568	513
569	519
569	621
569	458
569	508
570	825
570	724
570	759
572	601
572	566
572	600
573	566
574	526
575	572
575	569
576	416
576	477
596	549
596	499
596	438
596	498
601	496
607	422
607	504
607	429
607	426
609	438
609	429
609	504
609	499
610	549
610	438
610	499
610	498
611	548
612	437
612	751
612	433
613	442
613	444
613	419
614	443
614	419
614	440
615	444
615	442
615	419
616	610
616	723
616	824
616	655
617	757
617	457
617	507
617	511
618	466
619	464
619	510
619	447
619	461
620	470
620	515
620	474
620	472
621	475
622	742
622	565
622	564
622	743
623	564
623	743
624	565
625	567
625	564
626	571
626	572
627	518
627	476
627	522
628	569
628	555
629	742
630	565
631	524
632	521
636	603
636	604
637	603
638	696
638	708
638	759
638	819
641	962
646	884
646	675
647	903
648	480
648	783
648	965
648	719
651	965
651	884
651	671
651	783
653	611
659	552
659	551
663	655
663	509
663	834
663	740
664	507
664	511
664	457
664	757
665	612
667	516
668	457
668	638
669	873
670	575
671	569
671	555
671	527
673	527
673	557
673	558
674	611
674	850
679	523
679	641
679	596
686	509
686	663
687	664
687	652
687	653
687	586
688	522
688	476
688	518
689	522
689	476
689	518
689	588
690	523
690	641
690	573
690	596
691	408
696	947
698	550
699	645
699	644
705	621
710	597
711	599
711	600
711	601
712	598
712	601
712	600
713	601
713	600
713	569
713	527
714	569
714	555
714	813
715	596
715	523
715	573
717	621
717	590
719	849
719	819
719	721
729	554
733	716
733	622
733	680
734	773
734	618
734	839
737	632
738	590
738	511
738	507
738	457
739	841
740	612
740	654
740	779
740	822
741	589
741	772
742	684
744	629
744	635
751	633
752	606
752	628
752	653
752	765
753	886
757	687
758	763
758	732
758	636
759	611
760	839
760	773
762	873
763	606
763	509
763	834
763	820
765	763
765	636
766	635
766	629
767	779
767	654
767	616
767	822
770	671
770	904
772	655
772	585
772	723
772	834
773	678
773	509
773	606
774	778
776	619
776	858
785	551
785	528
786	649
788	520
788	948
789	619
789	795
791	709
791	653
791	585
791	606
793	666
795	893
795	705
797	688
798	640
798	589
798	751
798	695
799	729
799	761
800	965
802	675
802	784
803	506
803	584
803	445
805	548
805	497
806	514
806	469
806	515
806	415
807	515
807	470
807	463
807	474
808	841
810	611
810	850
810	692
812	642
812	651
812	713
812	524
813	692
829	585
829	689
829	739
830	904
831	691
831	903
831	825
836	671
839	519
839	621
839	508
839	762
840	575
840	605
840	668
842	700
842	786
842	701
843	701
843	715
843	787
843	700
844	718
844	934
844	965
846	458
846	457
846	711
846	757
851	938
851	784
851	794
851	950
855	631
855	780
856	536
858	655
858	824
858	723
859	508
859	458
859	757
859	671
860	825
860	905
860	724
860	718
866	659
874	717
874	520
876	688
876	723
877	717
877	725
877	576
877	520
878	761
878	729
878	677
878	752
886	678
888	729
888	761
888	677
888	752
889	822
889	716
889	680
889	779
892	676
892	855
893	677
893	761
893	729
894	692
894	611
894	954
895	769
897	660
898	596
898	573
898	641
898	523
899	775
899	672
899	569
899	715
900	715
900	744
900	564
901	696
901	708
901	759
901	819
904	763
904	796
908	723
908	870
908	610
908	834
909	724
909	520
909	825
910	819
910	696
910	708
910	759
914	709
914	679
914	585
914	688
915	802
916	713
916	642
916	651
916	524
917	695
917	751
917	640
917	446
918	715
918	701
918	743
919	787
919	700
920	778
921	512
921	686
932	739
933	740
933	817
934	742
934	743
934	564
935	743
935	742
935	564
936	602
937	837
938	602
939	663
939	892
939	509
939	678
940	758
941	759
941	708
941	696
941	819
943	615
943	927
943	965
945	745
945	465
945	456
945	457
946	701
946	786
947	776
947	775
947	601
948	775
948	569
948	776
948	813
956	551
959	761
959	729
959	677
961	783
961	935
961	685
961	844
964	892
964	684
964	663
964	634
965	820
967	965
967	884
967	844
968	783
968	935
969	704
969	778
969	822
970	616
970	760
970	779
970	822
973	881
974	800
974	675
974	847
976	615
976	927
977	426
980	863
980	762
983	780
983	950
987	695
987	772
990	590
990	508
990	519
992	508
992	671
992	831
993	763
993	863
993	636
994	778
996	821
996	720
997	813
997	775
997	838
997	776
998	787
998	742
998	564
998	715
999	814
1000	858
1000	746
1000	840
1000	554
1002	776
1002	775
1002	601
1003	777
1003	787
1003	774
1004	779
1004	822
1004	654
1004	616
1005	862
1008	754
1012	795
1016	694
1016	863
1016	762
1019	666
1021	835
1021	586
1023	761
1023	677
1023	729
1025	789
1025	833
1026	790
1027	791
1028	786
1028	700
1028	787
1029	701
1030	787
1030	785
1030	715
1031	899
1036	723
1036	405
1036	402
1038	938
1041	824
1041	757
1041	457
1041	458
1042	457
1042	508
1042	638
1044	954
1044	825
1048	827
1048	826
1048	828
1049	828
1049	827
1049	826
1050	905
1053	834
1053	723
1053	870
1053	655
1059	852
1060	869
1062	863
1064	834
1064	655
1064	688
1064	509
1065	779
1065	822
1065	654
1065	612
1066	966
1067	849
1068	668
1069	602
1070	822
1070	779
1070	760
1070	616
1071	577
1071	783
1071	697
1075	775
1075	776
1075	813
1075	785
1076	775
1076	813
1076	569
1077	776
1077	814
1077	601
1078	697
1080	889
1082	880
1082	901
1084	868
1084	876
1085	759
1085	696
1085	717
1085	708
1092	873
1093	821
1094	965
1094	718
1094	615
1094	934
1095	783
1095	697
1097	653
1097	853
1097	585
1097	840
1099	892
1099	509
1099	663
1107	861
1107	870
1107	723
1107	610
1108	824
1108	655
1108	834
1112	901
1112	867
1112	875
1114	882
1115	896
1116	709
1116	606
1116	688
1116	678
1120	866
1121	875
1121	867
1121	901
1123	954
1123	846
1124	934
1124	719
1124	965
1125	886
1125	919
1129	884
1131	890
1132	952
1132	817
1134	780
1134	927
1134	783
1134	615
1135	935
1136	573
1136	641
1136	506
1141	795
1143	840
1143	585
1143	861
1143	817
1144	919
1146	605
1146	817
1146	919
1146	575
1148	851
1152	898
1154	922
1155	874
1155	689
1155	878
1155	585
1156	917
1157	934
1157	718
1157	615
1158	899
1159	916
1159	911
1159	909
1160	911
1160	916
1160	909
1160	932
1163	902
1163	883
1164	896
1166	928
1167	925
1167	929
1168	915
1168	910
1168	924
1169	916
1169	911
1169	909
1169	929
1170	909
1170	916
1170	911
1170	932
1171	520
1171	905
1173	904
1174	928
1175	929
1175	925
1175	916
1175	920
1176	922
1176	823
1183	932
1183	920
1183	909
1183	916
1184	953
1186	947
1186	905
1188	942
1189	930
1192	940
1193	948
1193	718
1194	947
1195	951
1195	936
1196	946
1196	939
1197	936
1197	951
1198	899
1198	913
1199	953
1199	697
1199	631
1201	948
1201	905
1204	931
1206	960
1206	949
1206	719
1207	697
1207	577
1207	536
1207	884
1208	958
1208	921
1208	938
1208	675
1209	965
1209	783
1209	719
1211	962
1214	723
1214	904
1215	965
1215	674
1215	967
1215	934
1216	783
1216	882
1217	921
1220	674
1220	903
1220	950
1220	479
1221	927
1221	615
1222	671
1224	780
1224	927
