1	6
1	14
1	15
2	23
2	24
2	35
2	19
3	6
3	13
3	55
4	8
4	7
4	164
5	2
5	27
5	8
6	15
6	14
6	28
7	12
7	40
7	22
7	34
8	19
8	23
9	14
9	5
10	15
10	29
11	112
11	93
12	55
13	113
13	94
14	1
14	160
14	134
14	107
15	2
15	27
15	164
16	32
16	90
16	45
16	43
18	12
18	22
18	40
18	34
19	23
19	24
19	35
19	19
20	23
20	24
20	35
20	19
21	41
21	42
21	242
21	86
22	34
22	12
22	22
22	40
23	24
23	35
23	23
24	35
24	24
24	23
25	35
25	24
25	23
26	257
27	17
27	219
27	250
27	44
28	19
28	23
29	230
29	341
29	69
29	333
30	259
30	205
30	210
30	157
31	4
31	174
31	212
32	223
32	222
32	133
32	25
33	250
33	133
33	219
33	240
34	14
34	29
34	5
35	20
35	21
35	39
36	21
36	176
40	81
40	155
40	146
41	81
41	46
43	83
44	67
45	42
45	41
45	86
45	51
46	42
46	51
46	86
46	41
47	164
47	27
47	57
47	151
48	250
48	133
48	188
48	44
49	281
51	174
51	183
52	27
52	164
52	151
52	2
53	282
53	163
53	84
53	99
55	40
55	12
55	22
55	34
56	4
56	52
56	212
56	173
57	14
57	5
58	29
58	15
59	273
59	316
59	209
60	17
60	219
60	44
60	250
62	264
62	215
63	133
63	250
63	240
63	44
64	192
64	85
64	84
64	205
65	223
66	281
66	270
67	65
68	273
68	219
68	277
69	269
69	329
69	84
69	210
70	4
70	173
70	52
70	212
71	66
71	259
71	269
71	54
72	112
72	94
73	56
74	4
74	212
74	52
74	173
75	212
75	4
75	52
75	173
76	55
76	5
76	94
78	41
78	242
78	42
78	86
82	43
83	215
83	264
83	318
85	57
85	139
85	175
86	57
86	140
86	175
89	297
89	45
89	238
89	74
92	292
92	281
92	321
92	133
93	73
93	72
93	74
93	75
94	135
94	74
94	75
95	136
95	149
96	45
96	90
96	72
97	67
97	117
98	69
98	63
98	89
99	230
99	323
99	163
99	205
100	263
101	16
101	90
101	347
104	59
104	150
105	54
105	259
105	269
105	210
107	197
107	328
107	354
108	42
108	41
108	86
108	51
110	131
110	159
110	120
110	181
112	116
112	61
112	78
112	182
113	269
113	66
113	259
113	196
114	259
114	328
114	54
114	210
115	122
115	226
115	236
116	148
116	22
117	237
118	117
118	40
118	67
119	164
119	151
119	27
119	57
120	166
120	121
120	182
120	98
121	41
121	242
121	86
121	42
122	166
122	48
122	182
122	61
124	64
124	147
126	328
126	259
126	54
126	301
127	160
127	126
127	186
127	31
128	148
128	72
129	117
129	67
129	237
131	123
131	70
131	104
132	174
132	183
132	4
133	175
133	57
133	164
133	151
134	166
134	182
134	61
134	78
135	66
135	269
135	217
135	252
136	229
136	301
136	58
137	133
137	188
137	223
137	250
139	181
139	131
139	159
139	120
140	120
140	96
140	246
140	220
141	78
141	182
141	166
141	61
142	242
142	41
142	86
142	42
143	92
143	147
143	226
144	235
144	226
144	200
145	278
147	123
147	104
148	70
149	148
150	150
150	59
150	136
151	167
151	48
151	166
151	182
152	139
153	57
153	175
154	52
154	173
154	212
154	4
155	93
155	53
155	5
155	13
156	5
156	28
156	94
156	53
157	116
157	182
157	61
157	166
160	269
160	66
160	196
160	210
161	133
161	250
161	240
161	222
162	259
162	33
162	210
162	157
163	70
163	123
163	104
165	102
165	111
165	119
166	60
166	203
166	232
166	221
167	182
167	166
167	78
167	61
168	168
168	300
169	192
169	108
169	84
170	60
170	232
170	203
170	221
171	191
171	158
171	190
171	177
172	121
172	98
172	166
172	182
174	278
176	316
176	346
176	238
176	209
177	179
177	177
177	208
177	190
178	166
178	182
178	121
178	98
179	257
179	248
179	229
180	60
180	232
180	96
180	120
181	257
182	119
182	102
182	244
182	111
183	71
183	96
183	220
183	246
184	72
184	73
184	74
184	71
185	73
185	74
185	72
185	75
186	74
186	73
186	75
186	72
187	76
188	76
189	245
189	261
189	224
189	248
190	306
190	301
190	307
190	122
191	133
191	250
191	223
191	222
192	181
192	159
192	131
192	158
197	147
197	92
197	64
199	224
200	163
200	205
200	84
201	251
201	217
201	269
202	210
202	259
202	269
202	84
203	280
204	177
204	179
204	190
204	191
205	181
205	158
205	159
205	191
206	230
206	272
206	259
206	205
207	235
207	234
208	200
208	226
209	251
209	217
209	269
209	54
210	196
210	66
210	170
211	111
211	102
211	1
212	111
212	102
214	292
214	281
214	325
214	321
215	275
215	189
215	300
218	141
218	138
218	218
220	178
220	130
221	125
221	156
223	163
223	99
223	230
223	272
224	183
224	172
224	347
224	90
225	28
225	80
225	36
225	5
226	197
226	236
226	122
226	226
227	138
227	218
228	141
229	86
229	42
229	41
229	242
230	110
231	120
231	246
231	232
231	60
232	252
232	301
232	171
232	328
233	327
233	186
233	160
233	107
234	66
234	269
234	196
234	54
235	158
235	191
235	177
235	190
236	60
236	115
236	203
236	204
238	272
238	328
238	54
238	217
239	156
239	249
241	156
241	249
241	141
241	125
242	292
242	281
242	240
242	262
244	244
244	119
245	188
245	223
245	222
245	133
247	223
247	133
247	222
247	188
249	281
249	321
249	292
249	240
250	101
250	94
250	112
250	53
251	257
251	300
251	275
251	189
252	300
252	168
252	257
252	310
253	283
253	228
253	206
253	302
255	354
255	258
255	270
255	262
256	162
256	161
256	27
256	2
257	257
257	275
257	271
258	204
258	115
258	60
258	221
259	152
259	98
259	121
259	143
260	208
260	114
260	132
260	129
261	226
261	236
261	200
264	333
264	341
264	230
264	268
265	168
265	300
267	69
267	89
267	268
267	253
268	42
268	86
268	41
269	250
269	133
269	240
269	219
271	185
271	235
271	200
271	234
273	187
273	127
273	101
273	29
274	69
274	89
274	268
274	63
275	301
275	307
275	210
275	99
276	282
276	268
276	205
276	229
278	208
278	177
278	179
278	190
281	66
281	269
281	301
281	307
282	99
282	163
282	230
282	84
283	200
284	269
284	301
284	54
284	210
285	279
285	251
285	287
286	265
286	105
286	167
286	68
288	81
288	155
289	266
291	171
291	252
291	170
291	66
292	163
292	99
292	84
292	230
293	212
293	4
293	173
293	52
294	157
294	84
294	100
294	163
296	237
296	117
296	67
297	69
297	63
297	341
297	253
299	5
299	94
299	28
299	187
300	30
300	5
301	409
302	217
303	99
303	269
303	163
303	210
304	319
304	134
304	336
305	205
305	229
305	230
305	210
306	4
306	231
306	212
307	281
307	270
307	258
307	321
308	292
308	281
308	321
308	240
310	269
310	210
310	201
310	99
313	249
313	156
314	341
314	333
314	230
314	268
317	163
317	99
317	230
317	229
318	201
318	269
318	196
318	210
319	282
319	99
319	163
319	229
320	236
320	185
320	200
321	259
321	54
321	306
321	210
322	173
322	212
322	52
322	4
326	287
326	212
326	4
328	259
328	54
328	269
328	66
329	163
329	259
329	205
329	329
330	267
331	317
331	347
332	218
332	138
335	63
335	128
335	341
335	333
336	230
336	163
336	205
336	99
337	259
337	54
337	210
337	84
338	213
338	5
338	180
338	94
339	219
339	277
339	276
339	251
340	264
340	215
341	192
342	288
342	241
342	216
342	285
344	493
344	257
344	514
345	301
345	307
345	314
345	252
348	257
348	300
348	168
348	271
349	188
349	223
351	99
351	229
351	210
351	269
352	257
352	271
353	271
353	310
355	282
355	201
355	84
355	205
356	198
356	284
356	192
356	108
358	168
358	300
358	257
361	261
361	224
361	331
361	225
362	206
363	311
363	228
363	283
364	333
364	341
364	128
364	63
365	240
365	262
365	281
365	133
366	257
366	58
366	271
367	223
367	222
367	133
367	188
368	216
368	183
368	318
368	154
369	281
369	321
369	240
369	262
371	272
371	210
371	99
371	163
375	354
375	172
375	340
375	309
376	223
376	222
376	240
376	281
378	302
378	296
379	328
379	54
379	333
379	314
382	344
385	217
386	338
386	348
389	339
389	351
389	348
392	339
394	355
394	375
394	369
394	365
395	357
395	372
396	358
396	363
396	367
397	359
398	363
398	367
398	373
398	358
399	363
399	358
399	367
399	373
400	373
400	367
400	358
401	373
401	367
401	358
402	379
402	375
402	369
402	373
404	381
405	383
406	386
407	390
407	391
407	387
407	530
408	389
408	390
408	377
408	657
409	503
410	410
410	393
410	407
410	420
411	394
411	411
411	408
411	471
412	395
412	394
412	421
412	411
413	398
413	461
413	410
413	470
414	398
414	461
414	470
414	410
415	411
416	399
416	408
416	397
417	410
417	407
417	470
417	398
418	408
418	411
418	399
418	471
419	409
419	630
419	165
419	566
420	396
420	461
420	398
420	407
421	461
421	396
421	398
421	407
422	397
422	462
422	399
422	408
423	420
423	410
423	407
423	470
424	411
424	421
424	471
424	408
425	410
425	470
425	407
425	398
426	411
426	471
426	399
426	408
427	426
427	427
427	425
428	428
428	429
429	429
429	428
429	414
430	429
430	428
431	423
431	487
431	412
431	437
432	413
432	424
432	488
432	444
433	398
433	731
433	470
433	410
434	638
434	464
434	411
435	464
435	451
435	459
435	409
436	459
436	477
436	458
436	451
440	403
442	452
442	473
442	446
443	437
443	430
443	431
443	432
444	431
444	437
444	430
445	432
446	433
446	438
446	444
447	435
447	439
447	728
447	434
448	470
448	410
448	398
448	461
449	471
449	462
449	408
450	411
451	461
451	396
451	398
451	410
452	461
452	396
452	470
452	398
453	462
453	397
453	471
453	411
454	447
454	456
455	448
455	457
456	446
456	473
456	515
456	739
457	418
457	440
457	468
457	417
458	418
458	440
458	468
458	417
459	469
459	442
459	419
459	441
460	466
460	460
460	508
460	482
461	437
461	431
461	432
461	430
462	432
462	444
462	437
462	431
463	433
463	438
463	445
463	444
464	434
464	438
464	445
465	439
465	728
465	434
466	447
466	448
466	400
468	449
468	457
469	459
469	458
469	477
469	411
470	444
470	433
471	445
471	438
471	434
472	482
472	466
472	508
472	460
473	473
473	446
473	739
473	515
474	675
475	423
475	487
475	424
475	412
476	424
476	413
476	488
476	444
477	415
477	414
477	453
477	416
478	415
478	453
478	416
478	414
479	416
479	454
479	415
480	453
480	415
480	416
481	454
481	416
481	415
482	493
482	514
483	469
483	442
483	419
483	441
484	418
484	440
484	468
484	417
485	418
485	440
485	468
485	419
486	441
486	419
486	469
486	442
487	452
487	473
487	446
488	482
488	508
488	460
488	466
489	508
489	466
489	482
489	460
490	468
490	418
490	440
490	417
491	469
491	441
491	442
491	419
492	493
493	415
493	414
493	453
493	416
494	415
494	416
494	453
495	416
495	415
495	453
496	553
496	589
496	499
496	573
497	534
497	552
497	720
497	683
498	482
498	508
498	466
498	460
499	488
499	413
499	746
499	445
500	487
500	423
500	412
500	424
501	488
501	413
501	445
501	424
502	437
502	431
502	432
502	430
503	445
503	438
503	433
503	434
504	728
504	442
504	469
504	435
506	635
506	731
509	573
511	421
512	643
512	601
513	587
513	558
513	538
513	559
514	620
514	571
514	553
514	524
515	509
516	549
516	572
517	621
517	568
518	504
518	486
518	635
518	503
519	521
519	534
519	551
522	662
522	480
522	678
522	641
523	504
523	498
523	519
523	486
527	465
528	582
528	558
528	548
528	576
529	709
529	675
530	607
530	522
530	530
530	608
531	589
532	477
532	411
532	471
532	421
533	477
533	411
533	471
533	459
535	641
535	715
535	662
535	650
536	618
536	710
536	481
537	555
537	670
537	744
537	710
539	646
539	647
539	600
539	676
541	553
541	571
541	524
541	573
542	522
542	530
543	594
543	596
543	586
544	555
544	744
544	710
544	685
545	580
545	664
546	685
546	546
546	599
546	672
547	514
548	636
548	721
548	689
548	450
549	636
549	637
549	638
549	721
551	522
551	594
551	530
551	545
552	594
552	596
552	522
553	522
553	530
553	391
553	545
554	576
554	548
554	582
554	558
555	543
555	533
555	536
555	554
556	537
556	522
557	685
557	546
557	599
557	744
558	600
558	646
558	647
559	553
559	499
559	589
559	573
560	531
560	561
560	560
560	532
561	533
561	554
561	536
561	535
562	481
562	641
562	658
562	715
563	749
564	602
565	537
567	558
567	538
567	587
567	548
568	554
568	536
568	533
568	655
570	474
571	548
571	576
571	538
571	558
572	567
572	648
572	588
572	642
573	727
574	516
574	621
574	691
574	568
575	572
575	617
575	549
575	634
576	627
576	534
576	521
577	612
577	653
577	611
577	704
578	612
578	705
578	704
578	653
579	549
579	572
580	545
581	532
581	561
581	531
581	616
582	532
582	535
582	561
582	616
583	533
583	554
583	536
583	543
584	578
584	602
584	579
585	579
585	603
585	578
587	533
587	554
587	535
587	536
588	536
588	554
588	533
588	609
589	573
589	542
589	553
589	620
590	392
590	607
591	550
591	604
591	608
593	700
593	531
594	588
594	642
594	597
594	648
595	566
595	409
595	630
596	602
596	579
596	455
597	545
597	530
597	527
597	390
598	602
598	579
598	578
600	597
600	588
600	642
600	648
601	566
601	630
601	409
602	627
602	703
602	683
603	561
603	532
603	531
603	535
604	534
604	711
604	605
604	720
605	588
605	642
605	648
605	567
606	742
606	744
606	710
607	553
607	499
607	573
607	589
608	746
609	689
609	680
609	584
610	390
610	545
611	586
611	520
611	387
611	594
612	656
612	674
612	681
612	623
613	596
613	594
613	545
613	530
614	607
615	664
615	562
615	501
615	573
616	591
616	590
616	611
618	609
618	610
618	536
619	699
621	622
621	629
621	640
621	687
622	668
622	564
623	626
623	578
623	579
623	602
625	499
625	659
625	661
625	524
626	573
626	553
626	570
627	606
627	692
628	533
628	554
628	536
628	543
629	703
629	534
629	627
629	552
630	640
630	629
630	622
630	687
632	402
632	575
634	423
634	424
635	630
636	629
636	640
636	622
636	687
637	630
637	409
637	687
637	629
638	642
638	648
638	588
638	649
639	746
639	685
639	599
639	546
640	613
640	614
641	608
641	625
641	681
641	522
642	654
642	653
642	612
642	704
643	654
644	533
644	664
644	536
644	531
645	637
645	638
645	636
645	450
646	680
646	689
646	730
646	721
647	624
647	695
648	493
648	489
649	597
649	642
649	588
649	648
651	648
651	642
651	588
651	649
652	649
652	648
652	642
652	588
653	689
653	680
653	721
653	730
654	644
654	547
654	639
654	669
656	675
656	384
657	676
657	750
657	696
657	647
658	676
658	647
658	750
658	646
659	677
659	676
659	750
661	657
661	564
661	682
662	659
662	598
663	560
663	531
664	749
665	571
665	524
665	691
665	720
666	580
666	664
667	602
668	678
668	740
668	662
668	480
669	546
669	685
669	599
669	672
671	664
671	562
671	711
671	605
672	683
672	711
672	703
672	552
673	704
673	684
673	612
673	705
674	705
674	704
674	684
674	612
675	719
675	644
675	547
675	639
676	720
676	521
676	551
676	691
677	574
677	510
678	621
678	691
678	521
678	516
680	703
680	546
681	555
681	744
681	710
681	670
682	682
682	471
682	408
682	411
683	709
683	569
683	516
684	589
684	620
684	703
684	683
686	710
686	618
687	686
687	687
687	694
687	622
688	682
688	471
688	397
688	462
689	686
689	687
689	694
689	622
690	687
690	622
690	629
690	640
691	646
691	600
692	647
692	646
692	600
692	676
693	662
693	641
693	678
693	658
694	713
694	751
695	522
696	650
696	753
696	658
696	632
697	724
698	724
700	716
701	716
702	699
703	750
703	676
703	696
703	647
704	533
704	531
704	543
706	705
706	654
706	612
706	704
707	708
707	583
707	702
709	590
710	710
711	744
711	743
712	569
712	741
712	751
712	651
713	569
713	741
714	723
714	719
714	644
714	748
716	728
717	642
717	649
717	648
717	588
720	707
720	518
721	733
721	722
721	748
721	681
722	553
722	573
722	571
722	570
723	710
723	555
723	473
723	618
724	710
724	671
724	473
724	744
725	717
725	632
725	594
725	389
728	744
728	739
728	742
730	644
730	719
730	700
730	740
732	632
732	660
733	662
733	641
733	480
733	700
734	744
734	742
734	672
734	685
736	743
737	744
737	693
737	555
737	670
738	434
738	553
738	683
738	552
739	642
739	648
739	588
739	738
740	739
740	744
741	753
741	658
741	625
741	669
743	661
743	499
743	711
743	720
744	733
744	748
744	722
744	681
747	744
747	742
747	710
748	666
748	625
748	522
748	490
749	641
749	715
749	734
749	753
750	685
750	747
750	651
750	751
751	684
751	704
751	705
751	612
752	705
752	684
752	704
752	612
755	704
755	684
755	705
755	612
756	658
756	650
756	753
756	715
757	641
757	734
757	715
757	681
758	749
759	682
759	411
759	471
759	408
761	750
761	676
761	696
761	646
762	750
762	676
762	647
762	696
763	752
763	706
764	657
764	564
765	716
766	657
766	564
768	707
769	434
769	534
769	552
769	605
770	641
770	717
770	662
770	715
771	693
771	744
771	739
771	670
772	753
772	632
772	681
772	669
773	755
773	165
773	207
