1	1
1	235
1	10
2	2
2	87
2	273
2	248
3	3
3	244
3	273
3	38
4	4
5	43
6	6
6	7
6	28
6	206
7	7
7	6
7	33
7	28
8	8
8	293
8	223
8	19
9	9
9	227
9	18
10	10
10	1
10	164
10	268
11	11
11	179
12	5
13	13
13	17
13	7
13	6
14	14
14	262
14	43
15	15
15	99
15	147
15	280
16	16
16	20
16	164
16	268
17	17
17	13
17	223
17	114
18	18
18	266
18	280
18	19
19	19
19	18
19	266
19	293
20	20
20	16
20	268
20	21
21	21
21	22
21	23
22	22
22	21
22	23
22	26
23	23
23	26
23	101
23	70
24	24
24	200
24	209
24	181
25	109
25	110
26	26
26	70
26	91
26	101
27	27
27	111
27	81
27	187
28	28
28	33
28	7
30	30
30	59
31	77
32	32
33	28
33	7
34	34
36	224
37	37
37	99
37	166
37	139
38	38
38	166
38	158
39	39
39	54
39	62
39	40
40	40
40	64
40	39
41	41
41	242
41	220
42	42
42	89
42	65
42	68
43	43
43	250
43	263
44	44
44	97
45	144
45	204
46	46
46	67
47	47
47	57
47	58
47	31
48	48
48	258
48	207
48	114
49	49
49	93
51	51
51	79
51	52
51	145
52	52
53	80
54	54
54	39
54	62
54	64
55	55
56	63
57	57
57	47
57	58
57	31
58	58
58	57
58	47
58	31
59	59
59	77
59	30
60	60
60	153
60	139
61	140
61	154
62	62
62	63
62	54
63	63
63	62
64	40
65	65
65	89
65	68
65	69
66	66
66	224
66	169
66	297
67	67
67	46
68	68
68	69
68	65
68	89
69	69
69	68
69	65
69	89
70	70
70	101
70	91
70	86
71	71
71	102
71	91
71	86
72	72
72	105
72	104
73	73
73	94
73	74
73	92
74	74
74	94
74	73
74	92
75	75
75	85
76	113
76	146
77	77
77	59
77	83
77	31
78	78
78	97
78	142
79	51
80	80
80	53
81	81
81	198
81	27
82	82
82	119
82	96
83	83
83	77
83	59
83	31
84	84
84	284
84	221
85	85
85	157
85	184
85	52
86	86
86	91
86	71
86	70
87	87
87	7
87	257
87	2
88	88
88	164
88	10
88	66
89	89
89	42
89	65
89	69
90	90
90	101
90	70
90	86
91	91
91	71
91	86
91	103
92	92
92	73
92	74
92	94
93	93
93	49
94	74
94	73
95	95
95	94
95	50
96	96
96	119
96	82
97	97
97	144
97	78
97	142
98	98
98	146
98	143
98	53
99	99
99	147
99	126
100	115
101	101
101	70
101	91
101	90
102	102
102	71
102	91
102	86
103	103
103	91
103	101
103	70
104	104
104	105
104	72
105	105
105	104
105	72
106	106
106	159
106	146
106	98
107	107
107	24
108	200
109	109
109	110
109	25
110	110
110	109
110	133
110	25
111	111
111	224
111	169
111	33
112	112
112	79
113	76
113	98
114	114
114	17
114	34
115	115
115	189
115	44
116	116
116	174
116	106
116	98
117	117
117	118
117	262
118	118
118	117
118	262
118	89
119	119
119	96
119	82
120	120
120	13
120	222
121	218
121	185
121	231
122	122
122	259
122	258
122	296
123	123
124	124
124	125
124	61
124	154
125	125
125	124
125	141
125	155
126	126
126	99
126	147
126	266
127	127
127	33
128	128
128	169
128	36
128	111
129	129
129	172
129	200
130	182
131	131
131	107
131	132
132	132
132	109
132	212
133	110
133	213
134	134
134	260
134	220
134	261
135	135
135	136
135	223
135	38
136	136
136	135
136	254
136	223
137	137
137	189
137	115
137	100
138	138
138	235
138	2
138	3
139	139
139	153
139	60
139	124
140	140
140	154
142	142
142	144
143	79
143	98
144	144
144	97
144	45
145	145
145	80
145	52
146	146
146	145
146	98
146	80
147	147
147	99
147	126
148	148
148	187
148	235
149	149
149	148
149	188
150	150
151	225
151	129
152	152
152	36
152	283
152	271
153	153
153	154
153	60
153	139
154	154
154	140
154	153
156	156
156	157
156	163
157	157
157	85
157	208
157	163
158	158
158	166
159	159
159	80
159	106
159	146
160	160
160	290
161	161
161	184
161	141
162	85
163	163
163	157
163	208
164	164
164	16
164	88
164	10
165	165
165	131
165	212
165	167
166	166
166	38
166	158
167	167
168	150
169	169
169	224
169	198
169	111
170	170
170	172
170	181
171	171
171	200
171	209
172	129
173	173
173	136
173	218
173	255
174	174
174	116
174	141
174	106
175	175
176	182
177	177
177	192
179	179
179	5
179	11
180	180
181	209
182	176
182	130
183	183
183	210
183	205
183	137
184	184
184	85
184	79
184	162
185	185
185	121
185	207
185	232
186	186
187	187
187	188
187	148
187	27
188	188
188	187
189	189
189	115
189	137
189	99
190	190
190	200
190	191
191	191
191	212
192	201
193	213
194	194
194	123
194	152
194	283
195	195
195	185
195	207
195	214
196	196
196	207
196	258
196	197
197	197
197	196
197	239
197	207
198	198
198	81
198	261
198	272
199	199
199	171
200	24
200	209
200	129
201	201
201	130
201	192
202	202
202	255
202	232
202	276
203	203
203	4
203	179
204	204
204	51
204	52
204	79
205	205
205	183
205	210
205	220
206	206
207	207
207	185
207	214
207	196
208	208
208	157
208	163
208	106
209	209
209	200
209	181
209	24
210	210
210	183
210	205
210	248
211	211
211	273
211	216
212	212
212	132
212	191
212	176
213	213
213	226
213	133
213	193
214	214
214	207
214	247
214	195
215	215
215	295
215	233
215	232
216	216
216	211
217	272
217	236
217	273
218	218
218	121
218	219
218	232
219	219
219	231
219	218
219	232
220	220
220	134
220	205
220	242
221	221
221	268
221	84
222	222
222	247
222	121
222	218
223	223
223	166
223	245
223	293
224	224
224	169
224	111
225	225
225	151
226	213
227	227
227	265
227	9
228	228
228	297
229	229
229	1
229	10
230	230
230	244
230	263
231	231
231	232
231	219
231	121
232	232
232	231
232	219
232	218
233	233
233	196
233	215
233	262
234	234
234	232
234	183
234	298
235	235
235	248
235	1
236	236
236	256
236	43
237	237
237	289
237	20
237	240
238	238
238	114
238	218
238	295
239	239
239	247
239	196
239	214
240	240
240	87
240	34
240	289
241	241
241	43
241	250
241	256
242	242
242	244
242	273
242	220
243	243
243	38
243	267
243	166
244	244
244	273
244	236
244	43
245	245
245	254
245	223
245	158
246	246
246	258
246	196
247	247
247	222
247	214
247	207
248	248
248	263
249	249
249	147
249	263
249	100
250	250
250	43
250	264
250	241
251	251
251	236
251	217
251	279
252	252
252	292
252	232
252	207
253	253
253	250
254	254
254	136
254	245
254	255
255	255
255	254
255	202
255	136
256	256
256	236
256	272
256	43
257	257
257	87
257	244
257	272
258	258
258	48
258	207
258	298
259	259
259	122
259	232
260	260
260	134
260	169
261	261
261	198
261	272
261	134
262	262
262	14
262	118
262	232
263	263
263	43
263	236
263	248
264	264
264	250
264	43
264	263
265	265
265	227
265	282
266	266
266	293
266	280
266	18
267	267
267	243
267	223
268	268
268	221
268	295
269	269
269	283
269	5
270	270
270	290
270	287
270	232
271	271
271	285
271	152
271	294
272	272
272	256
272	45
272	156
273	273
273	211
274	274
274	294
275	275
275	272
275	256
276	276
276	255
276	254
276	223
277	277
277	255
277	114
278	278
278	244
278	282
278	236
279	279
279	248
279	236
279	288
280	280
280	266
280	18
280	166
281	281
281	100
281	267
281	15
282	282
282	6
282	7
283	283
283	33
283	269
284	284
284	297
284	84
284	268
285	285
285	87
285	111
285	224
286	286
286	262
286	7
286	219
287	287
287	262
287	270
287	250
288	288
288	248
288	224
288	263
289	289
289	240
290	290
290	270
290	160
291	291
291	296
291	122
292	292
292	252
292	196
292	207
293	293
293	266
293	280
293	18
294	294
294	274
294	264
294	250
295	295
295	268
295	297
295	215
296	296
296	291
296	122
296	297
297	297
297	284
297	295
297	66
298	298
298	258
298	297
298	232
299	299
299	237
299	295
299	194
300	300
300	307
300	339
300	461
301	301
301	317
301	367
301	341
302	302
302	391
302	432
304	304
304	452
304	339
304	481
305	305
305	410
305	392
305	313
306	306
306	300
306	309
306	512
307	307
307	512
307	335
307	300
308	308
308	343
308	404
309	309
309	307
309	489
309	335
310	310
310	498
310	414
311	518
311	314
312	312
312	337
312	343
312	513
313	313
313	447
313	407
314	314
314	481
314	521
315	341
316	316
316	431
316	408
316	440
317	317
317	494
317	473
317	301
318	318
318	323
318	366
319	319
319	493
319	487
319	434
320	320
320	381
320	367
320	471
321	321
321	323
321	516
323	323
323	321
323	318
324	324
324	325
324	342
324	441
325	325
325	324
325	342
326	326
326	331
326	354
326	481
327	327
327	494
327	523
327	459
328	328
328	349
328	500
328	433
329	329
329	421
329	487
329	393
330	330
330	493
330	486
330	390
331	331
331	354
331	326
331	481
332	332
332	343
332	325
333	333
333	334
333	465
333	411
334	334
334	333
334	475
334	465
335	335
335	307
335	487
335	489
336	336
336	474
336	464
336	506
337	337
337	312
337	513
337	376
338	338
338	388
338	355
338	371
339	339
339	413
339	452
339	300
341	341
341	367
341	315
341	481
342	342
342	398
342	325
343	414
343	312
344	344
344	412
344	523
345	345
345	417
345	391
345	426
346	346
346	389
346	464
346	399
347	347
347	460
347	300
347	461
348	348
348	393
348	380
348	370
349	349
349	452
349	440
349	433
350	350
350	391
350	436
351	351
351	449
351	379
351	488
352	352
352	392
352	405
352	415
353	422
354	354
354	331
354	481
354	459
355	355
355	413
355	362
355	425
356	356
356	481
356	314
356	452
357	357
357	363
357	343
357	513
358	358
358	522
358	505
358	370
359	359
359	437
359	460
360	360
360	484
360	461
360	458
361	361
361	496
361	431
361	518
362	362
362	439
362	513
363	357
364	364
364	422
364	360
364	461
365	365
365	369
365	373
365	503
366	366
366	454
366	471
366	513
367	367
367	499
367	341
367	377
368	368
368	421
368	498
368	341
369	369
369	421
369	447
369	366
370	370
370	477
370	479
370	513
371	371
371	388
371	425
371	436
372	372
372	337
372	312
372	451
373	373
373	365
373	363
374	374
374	309
374	459
374	307
375	375
375	344
375	518
375	413
376	376
376	459
376	452
376	481
377	377
377	494
377	459
377	519
378	378
378	439
378	343
378	461
379	379
379	351
379	450
379	417
380	380
380	494
380	438
380	461
381	381
381	397
381	320
381	307
382	382
382	507
382	509
382	501
383	383
383	16
383	455
383	20
384	384
384	462
384	491
384	374
385	385
385	490
385	434
385	491
386	386
386	330
386	465
386	408
387	387
387	465
387	452
387	516
388	388
388	371
388	479
388	436
389	389
389	346
389	464
389	399
390	390
390	436
390	377
391	391
391	350
391	518
391	375
392	392
392	405
392	352
392	305
393	393
393	438
393	327
393	494
394	394
394	445
394	331
394	337
395	395
395	458
395	413
395	484
396	396
396	467
396	481
396	430
397	397
397	381
397	416
397	499
398	398
398	342
398	441
399	399
399	471
399	363
400	400
400	389
400	497
400	506
401	401
401	370
401	395
401	513
402	402
402	343
402	439
402	513
403	403
403	456
403	475
403	474
404	404
404	513
404	347
404	308
405	405
405	392
405	435
405	447
406	406
406	407
406	313
406	447
407	407
407	406
407	313
407	435
408	408
408	431
408	391
408	350
409	409
409	427
409	352
409	405
410	410
410	305
410	435
411	411
411	333
411	465
411	509
412	412
412	344
412	523
413	459
413	339
414	414
414	343
414	494
415	415
415	352
415	428
415	447
416	416
416	434
416	397
416	443
417	417
417	345
417	349
417	391
418	418
418	466
418	482
418	390
419	419
419	453
419	361
419	375
420	420
420	487
420	522
420	440
421	421
421	329
421	369
421	368
422	422
422	364
422	439
422	357
423	423
423	452
423	459
423	413
424	424
424	308
424	332
424	388
425	425
425	320
425	371
425	355
426	426
426	437
426	494
427	427
427	438
427	397
427	416
428	428
428	407
428	511
428	499
429	429
429	447
429	406
429	405
430	430
430	448
430	499
430	501
431	431
431	361
431	408
431	391
432	432
432	302
432	391
433	433
433	509
433	496
433	349
434	434
434	416
434	522
434	494
435	435
435	405
435	407
435	410
436	436
436	460
437	359
437	426
438	438
438	393
438	380
438	499
439	439
439	378
439	362
439	343
440	440
440	465
440	413
440	494
441	441
441	343
441	325
442	442
442	507
442	513
442	349
443	443
443	416
443	434
443	397
444	444
444	497
444	480
444	349
445	445
445	394
445	354
445	331
446	446
446	436
446	335
447	447
447	405
447	313
447	429
448	448
448	499
448	494
448	380
449	449
449	351
449	510
449	347
450	450
450	359
450	379
450	320
451	451
451	312
451	459
451	413
452	452
452	339
452	413
452	459
453	453
453	419
453	408
453	431
454	454
454	366
454	482
454	438
455	455
455	405
455	447
455	313
456	456
456	403
456	362
456	474
457	457
457	458
457	370
457	395
458	458
458	484
458	452
458	460
459	459
459	413
459	523
459	452
460	460
460	347
460	436
460	458
461	461
461	494
461	300
461	515
462	462
462	384
462	491
462	374
463	463
463	443
463	397
463	416
464	464
464	346
464	389
464	336
465	465
465	440
465	387
465	452
466	466
466	418
466	385
466	325
467	467
467	489
467	341
467	309
468	468
468	342
468	402
469	469
469	437
469	390
470	470
470	377
470	414
470	452
471	471
471	366
471	439
471	513
472	472
472	506
472	497
472	463
473	473
473	494
473	523
473	493
474	474
474	336
474	464
474	403
475	475
475	488
475	493
475	334
476	476
476	443
476	381
476	397
477	477
477	413
477	370
477	452
478	478
478	494
478	448
478	454
479	479
479	370
479	388
479	489
480	480
480	307
480	512
480	376
481	481
481	314
481	494
482	482
482	454
482	513
482	459
483	483
483	484
483	328
483	378
484	484
484	360
484	520
484	300
485	485
485	439
485	376
485	404
486	486
486	440
486	330
486	423
487	487
487	335
487	493
487	459
488	488
488	475
488	443
488	414
489	489
489	335
489	309
489	307
490	490
490	491
490	387
490	514
491	491
491	490
491	514
491	462
492	492
492	475
492	386
492	493
493	493
493	487
493	473
493	319
494	494
494	339
494	327
494	461
495	495
495	519
495	438
496	496
496	361
496	433
496	349
497	497
497	444
497	506
497	323
498	498
498	523
498	494
499	515
499	459
500	500
500	311
500	349
500	314
501	501
501	377
501	423
501	448
502	502
502	357
502	485
502	422
503	503
503	500
503	310
503	483
504	504
504	391
504	342
504	350
505	505
505	511
505	438
505	499
506	506
506	472
506	497
506	336
507	507
507	442
507	426
507	470
508	508
508	465
508	461
508	423
509	509
509	433
509	349
509	413
510	510
510	449
510	501
510	509
511	511
511	499
511	438
511	505
512	512
512	307
512	515
512	480
513	513
513	312
513	482
513	376
514	514
514	490
514	491
514	465
515	515
515	512
515	499
515	461
516	516
516	523
516	339
516	459
517	517
517	514
517	368
517	378
518	518
518	344
518	375
518	314
519	519
519	412
519	344
520	484
520	452
521	521
521	494
521	314
521	518
522	522
522	434
522	370
522	358
523	523
523	412
523	459
