1	1
1	13
1	10
1	27
2	5
2	50
2	34
2	81
3	2
3	13
3	28
3	27
4	6
4	29
5	3
5	11
5	7
5	16
6	4
6	26
6	27
6	19
7	10
7	13
7	30
7	24
8	9
8	16
8	28
8	24
9	7
9	16
9	17
9	9
10	11
10	9
10	28
10	16
11	12
11	19
11	24
11	13
12	14
12	24
12	9
12	11
13	15
13	25
13	19
13	14
14	13
14	24
14	10
14	27
16	17
16	16
16	26
16	9
17	16
17	9
17	19
17	17
18	22
18	10
18	1
18	15
19	19
19	24
19	16
19	28
20	20
20	22
20	21
20	42
21	21
21	31
21	37
21	36
22	24
22	19
22	14
22	9
23	27
23	13
23	16
23	12
25	30
25	23
25	24
25	28
26	23
26	30
26	24
26	19
27	25
27	30
27	33
27	15
28	28
28	9
28	19
28	16
29	26
29	19
29	16
29	17
30	29
31	5
31	34
31	50
32	31
32	36
32	32
32	35
33	32
33	35
33	31
33	38
34	33
34	25
34	28
34	30
35	35
35	32
35	31
35	38
36	34
36	5
36	50
37	36
37	48
37	52
37	31
38	37
38	42
38	45
38	36
39	39
39	37
39	36
39	42
40	38
40	32
40	35
40	36
41	40
41	46
41	42
41	43
42	54
43	44
43	45
43	42
43	43
44	42
44	37
44	40
44	44
45	40
45	43
45	42
46	47
46	54
46	53
47	45
47	53
47	43
47	37
48	48
48	36
48	54
48	52
49	49
49	35
49	32
49	51
50	43
50	45
50	53
50	54
51	52
51	36
51	48
51	54
52	51
52	54
52	53
52	45
53	53
53	45
53	36
53	52
54	55
54	48
54	52
54	39
55	54
55	51
55	53
55	36
56	57
56	75
56	63
56	68
57	58
57	56
57	62
57	60
58	56
58	58
58	62
58	66
59	71
59	62
59	60
59	66
60	60
60	71
60	62
60	65
61	71
61	65
61	62
61	60
62	61
62	78
62	74
62	77
63	64
63	70
63	67
63	59
64	62
64	71
64	66
64	65
65	63
65	75
65	57
65	62
66	65
66	66
66	62
66	71
67	67
67	70
67	64
67	59
68	68
68	73
68	76
68	75
69	70
69	67
69	64
69	59
70	71
70	62
70	60
70	66
71	72
71	66
71	65
71	62
72	68
72	70
73	73
73	76
73	64
74	58
75	79
75	77
76	77
76	80
76	79
77	77
77	79
77	80
78	80
78	77
78	78
