0	275	345	845	175	175	115	335	655	495	165	425	255	235	735	475	275	375	255	85	525	385	355	635	585	605	675	295	495	415	75	485	175	625	245	505	585	185	665	665	415	345	705	705	305	445	355	565	425	535	295	675	605	375	755	785	305	375	215	265	325	265	165	635	385	295	385	45	335	355	345	225	225	145	145	115
275	0	515	715	375	375	265	135	425	275	135	255	195	305	605	465	415	295	445	315	375	475	375	495	385	525	495	485	395	205	205	405	215	445	105	315	355	335	455	455	385	215	545	545	385	325	495	445	465	485	285	565	435	225	635	655	415	175	175	75	445	435	275	375	555	495	545	225	525	545	545	55	55	165	165	235
345	515	0	725	175	165	265	475	735	605	375	485	355	225	645	315	105	365	85	255	525	145	245	585	635	485	675	55	445	535	345	415	295	635	425	565	675	185	705	705	335	415	655	655	165	445	65	505	235	405	295	575	605	445	655	685	135	495	345	465	95	85	245	745	45	65	45	365	25	55	55	495	495	465	465	455
845	715	725	0	765	765	735	585	435	485	705	465	585	625	115	405	665	465	735	795	345	575	505	225	375	245	275	755	355	535	775	355	665	305	645	415	455	695	355	355	425	525	185	185	595	405	655	285	495	325	545	165	295	495	85	65	615	545	635	655	645	695	685	515	725	775	705	815	745	775	775	765	765	835	835	895
175	375	175	765	0	5	115	375	675	525	235	425	255	155	665	365	115	325	85	85	495	235	255	585	585	525	655	125	435	445	185	425	175	605	305	505	605	75	665	665	335	335	655	655	175	415	195	505	295	445	245	595	575	375	685	715	165	405	235	335	165	105	115	675	215	125	215	195	165	185	185	345	345	295	295	285
175	375	165	765	5	0	115	375	675	525	235	425	255	155	665	365	115	325	85	85	495	235	255	575	585	515	655	115	435	445	195	415	175	605	305	505	605	75	655	665	335	335	655	655	175	415	185	505	295	445	235	595	575	375	685	715	155	405	235	335	155	95	115	675	205	125	215	195	165	185	185	345	345	295	305	295
115	265	265	735	115	115	0	275	585	435	125	345	165	115	625	365	175	265	185	75	435	275	245	535	505	495	585	225	385	355	85	385	85	535	195	425	515	85	585	585	305	255	605	605	195	355	265	455	315	425	185	565	515	295	645	675	205	315	135	225	225	185	45	575	305	235	305	105	265	285	285	235	235	195	205	215
335	135	475	585	375	375	275	0	325	165	175	125	125	245	465	355	375	175	415	345	245	395	285	355	265	385	365	455	255	85	255	275	195	315	85	185	255	315	335	335	265	85	415	415	315	195	435	315	365	365	195	425	305	95	495	525	355	45	135	75	395	395	255	305	505	475	495	285	485	515	515	185	185	275	265	335
655	425	735	435	675	675	585	325	0	155	495	255	425	535	345	485	645	375	705	665	235	615	495	275	115	385	175	735	325	245	585	365	505	155	415	175	75	605	85	85	425	335	255	255	565	295	685	305	555	435	455	355	185	305	385	385	605	275	455	395	645	675	565	75	765	755	745	615	755	795	795	485	485	585	585	655
495	275	605	485	525	525	435	165	155	0	335	125	275	385	375	395	505	245	555	505	175	495	375	275	115	355	235	595	245	85	425	285	355	185	255	85	85	465	175	175	315	195	305	305	435	195	555	265	445	365	315	355	195	155	415	425	475	125	295	235	515	535	415	145	635	615	625	455	625	655	655	325	335	435	425	495
165	135	375	705	235	235	125	175	495	335	0	265	125	175	595	395	275	245	305	185	375	355	275	495	425	485	525	345	355	255	85	365	85	475	85	355	425	195	505	505	315	195	555	555	265	305	365	425	365	435	195	545	455	225	625	655	285	215	85	115	315	295	135	475	415	355	415	115	385	405	405	115	115	135	135	185
425	255	485	465	425	425	345	125	255	125	265	0	175	275	345	285	385	125	445	415	115	375	255	235	165	275	255	485	155	85	345	175	255	205	195	85	185	355	245	245	205	85	295	295	315	85	435	195	325	265	195	305	185	45	375	405	355	85	205	195	395	415	315	265	515	495	505	385	505	535	535	305	305	385	385	445
255	195	355	585	255	255	165	125	425	275	125	175	0	125	475	275	245	125	295	245	265	285	175	375	335	365	415	335	235	195	185	245	85	365	85	255	345	195	415	415	195	85	445	445	205	195	315	305	265	315	85	425	345	125	505	535	235	155	45	125	265	275	145	415	385	345	375	225	365	395	395	205	205	255	255	305
235	305	225	625	155	155	115	245	535	385	175	275	125	0	525	245	125	175	175	175	345	175	125	425	435	375	495	215	285	315	195	275	85	455	195	355	465	85	505	515	195	195	505	505	85	255	195	355	195	305	85	455	425	235	535	565	115	275	125	235	145	145	75	535	265	225	255	225	235	275	265	295	295	295	295	325
735	605	645	115	665	665	625	465	345	375	595	345	475	525	0	325	585	365	645	695	225	495	415	105	265	155	175	675	245	415	665	245	555	195	525	295	355	595	255	255	335	405	85	85	505	285	575	175	415	245	435	75	185	385	45	55	535	425	525	535	555	615	585	415	655	685	635	705	675	705	705	645	645	725	725	785
475	465	315	405	365	365	365	355	485	395	395	285	275	245	325	0	265	175	325	415	255	175	125	275	375	175	385	345	165	365	435	125	315	355	365	325	445	305	435	435	85	265	345	345	185	205	245	195	85	85	195	255	315	275	335	365	215	345	315	395	235	295	315	525	325	365	305	465	345	375	375	485	485	525	525	565
275	415	105	665	115	115	175	375	645	505	275	385	245	125	585	265	0	275	65	185	435	115	165	505	535	425	585	95	355	435	265	335	195	545	315	465	575	85	615	615	255	315	575	585	85	355	85	425	185	345	195	505	515	345	595	625	55	395	245	355	45	35	145	645	145	115	135	285	115	155	155	395	395	375	375	385
375	295	365	465	325	325	265	175	375	245	245	125	125	175	365	175	275	0	335	335	175	255	125	265	265	235	325	365	115	195	305	125	195	275	195	195	305	255	345	345	95	85	335	335	195	85	315	185	205	195	85	305	255	95	385	415	235	165	165	225	275	305	225	385	395	385	375	345	385	415	415	325	325	375	375	425
255	445	85	735	85	85	185	415	705	555	305	445	295	175	645	325	65	335	0	165	505	175	235	575	605	495	655	45	425	485	265	405	225	615	355	525	635	105	675	675	325	365	645	645	145	415	115	495	245	415	255	575	585	405	655	695	115	445	285	395	95	35	175	705	125	55	125	275	85	105	105	415	415	375	375	375
85	315	255	795	85	85	75	345	665	505	185	415	245	175	695	415	185	335	165	0	505	305	295	595	575	555	655	205	455	425	115	445	155	605	265	495	585	115	655	655	365	325	675	675	235	425	275	525	355	485	255	625	585	365	715	745	225	385	205	295	235	185	105	645	295	205	295	115	245	265	265	275	275	215	215	205
525	375	525	345	495	495	435	245	235	175	375	115	265	345	225	255	435	175	505	505	0	395	275	115	125	175	155	535	95	195	455	125	355	115	305	85	195	425	185	185	195	185	175	175	355	85	465	85	315	205	255	195	85	155	265	285	395	195	305	315	425	465	395	275	545	555	525	495	545	575	575	425	425	505	495	565
385	475	145	575	235	235	275	395	615	495	355	375	285	175	495	175	115	255	175	305	395	0	125	435	505	345	535	185	305	445	365	275	265	495	365	445	555	195	575	575	195	325	515	515	85	315	75	355	85	255	205	425	465	345	505	535	75	405	295	405	75	145	235	635	155	195	135	385	175	205	205	465	465	465	465	485
355	375	245	505	255	255	245	285	495	375	275	255	175	125	415	125	165	125	235	295	275	125	0	335	385	265	425	265	195	315	315	175	195	385	265	315	435	185	455	455	85	205	415	415	85	195	185	255	85	185	95	345	355	225	425	465	125	285	205	305	155	195	195	515	265	275	255	345	275	305	305	385	385	405	405	445
635	495	585	225	585	575	535	355	275	275	495	235	375	425	105	275	505	265	575	595	115	435	335	0	175	125	115	595	145	305	565	165	455	115	425	195	265	515	195	195	255	305	75	75	425	185	515	85	355	195	345	85	85	275	145	165	455	315	415	425	485	535	485	335	595	615	575	605	605	635	635	535	535	615	615	675
585	385	635	375	585	585	505	265	115	115	425	165	335	435	265	375	535	265	605	575	125	505	385	175	0	285	115	635	215	185	515	245	425	75	345	85	85	515	75	75	315	255	185	185	465	185	575	195	435	315	355	265	85	215	305	315	505	215	375	335	535	575	475	165	655	655	645	545	655	685	685	435	435	535	535	605
605	525	485	245	525	515	495	385	385	355	485	275	365	375	155	175	425	235	495	555	175	345	265	125	285	0	245	515	125	355	545	115	425	235	425	265	365	455	315	315	185	305	185	185	345	195	425	85	255	85	305	85	195	295	165	195	375	355	405	445	405	455	445	445	495	535	475	575	515	545	545	555	555	615	615	665
675	495	675	275	655	655	585	365	175	235	525	255	415	495	175	385	585	325	655	655	155	535	425	115	115	245	0	685	235	295	605	255	505	55	445	175	185	585	85	85	345	335	85	85	505	235	605	185	455	305	415	195	75	295	215	215	545	315	455	435	575	625	545	245	685	705	675	635	695	725	725	545	545	635	635	705
295	485	55	755	125	115	225	455	735	595	345	485	335	215	675	345	95	365	45	205	535	185	265	595	635	515	685	0	455	525	305	435	275	645	395	565	675	155	705	715	345	405	675	675	175	455	105	515	265	435	285	595	615	445	685	715	145	485	325	435	115	65	215	745	95	15	105	315	45	65	65	455	455	415	415	405
495	395	445	355	435	435	385	255	325	245	355	155	235	285	245	165	355	115	425	455	95	305	195	145	215	125	235	455	0	235	425	35	315	195	305	165	285	365	275	275	105	185	225	225	275	65	375	75	225	115	195	185	165	165	265	295	315	225	285	315	345	395	345	365	455	475	445	465	465	495	495	425	425	495	485	545
415	205	535	535	445	445	355	85	245	85	255	85	195	315	415	365	435	195	485	425	195	445	315	305	185	355	295	525	235	0	335	265	275	245	165	115	165	385	255	255	285	125	345	355	375	175	495	275	395	355	245	385	235	95	455	465	415	45	215	155	445	465	335	225	565	545	555	375	555	585	585	255	255	355	345	415
75	205	345	775	185	195	85	255	585	425	85	345	185	195	665	435	265	305	265	115	455	365	315	565	515	545	605	305	425	335	0	425	115	555	175	435	505	175	585	585	365	265	635	635	275	385	345	495	385	485	245	605	535	305	695	715	285	305	145	195	305	265	125	555	395	315	395	35	345	375	375	165	165	115	115	135
485	405	415	355	425	415	385	275	365	285	365	175	245	275	245	125	335	125	405	445	125	275	175	165	245	115	255	435	35	265	425	0	315	225	315	205	315	345	305	305	85	195	245	245	255	85	355	85	195	85	195	185	195	185	265	295	295	255	285	335	325	375	335	395	425	455	415	465	445	475	475	435	435	495	495	555
175	215	295	665	175	175	85	195	505	355	85	255	85	85	555	315	195	195	225	155	355	265	195	455	425	425	505	275	315	275	115	315	0	455	125	345	435	125	495	495	245	175	525	525	175	275	275	385	275	365	125	495	435	205	575	605	205	235	55	165	235	215	65	495	335	285	335	155	305	335	335	205	205	215	215	245
625	445	635	305	605	605	535	315	155	185	475	205	365	455	195	355	545	275	615	605	115	495	385	115	75	235	55	645	195	245	555	225	455	0	395	125	155	535	85	85	305	285	115	115	465	195	575	155	425	285	365	205	35	245	235	245	505	265	405	385	535	575	505	225	655	665	635	585	655	685	685	495	495	585	585	645
245	105	425	645	305	305	195	85	415	255	85	195	85	195	525	365	315	195	355	265	305	365	265	425	345	425	445	395	305	165	175	315	125	395	0	265	335	245	415	415	275	125	485	485	285	245	395	365	355	385	175	475	375	145	555	585	315	135	75	45	345	335	185	385	455	405	455	205	435	465	465	125	125	195	195	255
505	315	565	415	505	505	425	185	175	85	355	85	255	355	295	325	465	195	525	495	85	445	315	195	85	265	175	565	165	115	435	205	345	125	265	0	115	435	155	155	255	175	235	235	395	125	505	175	375	285	275	275	115	135	335	355	435	145	295	265	465	495	395	195	585	575	575	465	585	615	615	365	365	455	455	525
585	355	675	455	605	605	515	255	75	85	425	185	345	465	355	445	575	305	635	585	195	555	435	265	85	365	185	675	285	165	505	315	435	155	335	115	0	535	115	115	375	265	265	265	505	245	625	275	495	395	385	355	175	235	395	405	545	205	375	315	585	605	495	85	695	685	685	535	695	725	725	405	405	505	505	575
185	335	185	695	75	75	85	315	605	465	195	355	195	85	595	305	85	255	105	115	425	195	185	515	515	455	585	155	365	385	175	345	125	535	245	435	535	0	585	595	265	275	585	585	125	345	175	435	245	375	165	525	505	305	615	645	115	345	175	285	135	95	65	605	225	165	215	195	185	215	215	315	315	285	285	295
665	455	705	355	665	655	585	335	85	175	505	245	415	505	255	435	615	345	675	655	185	575	455	195	75	315	85	705	275	255	585	305	495	85	415	155	115	585	0	5	375	325	175	175	535	255	645	235	495	365	425	275	115	285	295	305	575	285	445	405	605	645	555	165	725	725	705	625	725	755	755	505	505	605	605	675
665	455	705	355	665	665	585	335	85	175	505	245	415	515	255	435	615	345	675	655	185	575	455	195	75	315	85	715	275	255	585	305	495	85	415	155	115	595	5	0	375	325	175	175	535	255	645	245	505	365	425	275	115	285	295	305	575	285	445	405	605	645	555	155	725	725	705	625	725	755	755	505	505	605	605	675
415	385	335	425	335	335	305	265	425	315	315	205	195	195	335	85	255	95	325	365	195	195	85	255	315	185	345	345	105	285	365	85	245	305	275	255	375	265	375	375	0	175	325	325	175	125	265	175	125	115	125	265	275	185	345	375	205	255	235	305	235	285	265	455	345	365	335	395	355	385	385	405	405	445	445	495
345	215	415	525	335	335	255	85	335	195	195	85	85	195	405	265	315	85	365	325	185	325	205	305	255	305	335	405	185	125	265	195	175	285	125	175	265	275	325	325	175	0	365	365	255	125	365	245	285	275	125	355	265	35	435	465	285	85	125	135	325	345	225	335	445	425	435	305	435	465	465	245	245	315	315	375
705	545	655	185	655	655	605	415	255	305	555	295	445	505	85	345	575	335	645	675	175	515	415	75	185	185	85	675	225	345	635	245	525	115	485	235	265	585	175	175	325	365	0	5	495	255	585	155	425	265	415	125	115	335	125	135	535	365	485	485	565	615	565	335	665	695	645	665	685	715	715	595	595	675	675	735
705	545	655	185	655	655	605	415	255	305	555	295	445	505	85	345	585	335	645	675	175	515	415	75	185	185	85	675	225	355	635	245	525	115	485	235	265	585	175	175	325	365	5	0	495	255	595	155	425	265	415	125	115	335	125	135	535	365	485	485	565	615	565	335	665	695	655	665	685	715	715	595	595	675	675	745
305	385	165	595	175	175	195	315	565	435	265	315	205	85	505	185	85	195	145	235	355	85	85	425	465	345	505	175	275	375	275	255	175	465	285	395	505	125	535	535	175	255	495	495	0	275	115	345	125	265	125	425	435	275	515	545	35	335	205	325	75	115	155	585	195	195	185	305	195	225	225	385	385	385	385	405
445	325	445	405	415	415	355	195	295	195	305	85	195	255	285	205	355	85	415	425	85	315	195	185	185	195	235	455	65	175	385	85	275	195	245	125	245	345	255	255	125	125	255	255	275	0	385	115	255	175	175	235	165	105	315	345	315	165	235	255	345	385	315	325	465	465	455	415	465	495	495	365	365	435	435	495
355	495	65	655	195	185	265	435	685	555	365	435	315	195	575	245	85	315	115	275	465	75	185	515	575	425	605	105	375	495	345	355	275	575	395	505	625	175	645	645	265	365	585	595	115	385	0	435	165	335	245	505	535	395	585	615	85	455	315	435	45	85	235	695	75	125	65	365	95	125	125	475	475	465	465	465
565	445	505	285	505	505	455	315	305	265	425	195	305	355	175	195	425	185	495	525	85	355	255	85	195	85	185	515	75	275	495	85	385	155	365	175	275	435	235	245	175	245	155	155	345	115	435	0	275	125	265	115	125	215	195	225	375	275	345	375	405	455	415	355	515	535	495	535	525	555	555	485	485	555	555	615
425	465	235	495	295	295	315	365	555	445	365	325	265	195	415	85	185	205	245	355	315	85	85	355	435	255	455	265	225	395	385	195	275	425	355	375	495	245	495	505	125	285	425	425	125	255	165	275	0	175	175	335	395	295	415	455	135	365	295	395	155	215	265	575	235	285	225	415	255	285	285	465	475	485	485	515
535	485	405	325	445	445	425	365	435	365	435	265	315	305	245	85	345	195	415	485	205	255	185	195	315	85	305	435	115	355	485	85	365	285	385	285	395	375	365	365	115	275	265	265	265	175	335	125	175	0	245	165	255	265	245	275	295	345	355	415	315	375	375	475	405	445	395	515	435	465	465	515	515	565	565	615
295	285	295	545	245	235	185	195	455	315	195	195	85	85	435	195	195	85	255	255	255	205	95	345	355	305	415	285	195	245	245	195	125	365	175	275	385	165	425	425	125	125	415	415	125	175	245	265	175	245	0	375	335	155	455	485	165	215	115	215	205	225	145	455	325	305	305	275	305	345	345	295	295	325	325	365
675	565	575	165	595	595	565	425	355	355	545	305	425	455	75	255	505	305	575	625	195	425	345	85	265	85	195	595	185	385	605	185	495	205	475	275	355	525	275	275	265	355	125	125	425	235	505	115	335	165	375	0	175	335	85	115	455	385	465	495	485	545	515	425	575	615	555	645	595	625	625	605	605	675	675	725
605	435	605	295	575	575	515	305	185	195	455	185	345	425	185	315	515	255	585	585	85	465	355	85	85	195	75	615	165	235	535	195	435	35	375	115	175	505	115	115	275	265	115	115	435	165	535	125	395	255	335	175	0	225	225	235	475	255	385	375	505	545	475	245	615	635	605	565	625	655	655	485	485	575	565	635
375	225	445	495	375	375	295	95	305	155	225	45	125	235	385	275	345	95	405	365	155	345	225	275	215	295	295	445	165	95	305	185	205	245	145	135	235	305	285	285	185	35	335	335	275	105	395	215	295	265	155	335	225	0	415	435	315	75	165	155	355	375	265	305	475	455	465	335	465	495	495	265	265	345	345	405
755	635	655	85	685	685	645	495	385	415	625	375	505	535	45	335	595	385	655	715	265	505	425	145	305	165	215	685	265	455	695	265	575	235	555	335	395	615	295	295	345	435	125	125	515	315	585	195	415	245	455	85	225	415	0	35	545	465	545	565	565	625	605	455	655	695	635	725	675	705	705	675	675	755	755	815
785	655	685	65	715	715	675	525	385	425	655	405	535	565	55	365	625	415	695	745	285	535	465	165	315	195	215	715	295	465	715	295	605	245	585	355	405	645	305	305	375	465	135	135	545	345	615	225	455	275	485	115	235	435	35	0	575	485	575	595	595	655	635	465	685	725	665	755	715	745	735	705	705	775	775	835
305	415	135	615	165	155	205	355	605	475	285	355	235	115	535	215	55	235	115	225	395	75	125	455	505	375	545	145	315	415	285	295	205	505	315	435	545	115	575	575	205	285	535	535	35	315	85	375	135	295	165	455	475	315	545	575	0	375	235	355	35	85	165	615	155	155	145	315	155	185	185	405	405	395	395	415
375	175	495	545	405	405	315	45	275	125	215	85	155	275	425	345	395	165	445	385	195	405	285	315	215	355	315	485	225	45	305	255	235	265	135	145	205	345	285	285	255	85	365	365	335	165	455	275	365	345	215	385	255	75	465	485	375	0	175	125	415	425	295	265	535	505	525	335	515	545	545	225	225	315	315	385
215	175	345	635	235	235	135	135	455	295	85	205	45	125	525	315	245	165	285	205	305	295	205	415	375	405	455	325	285	215	145	285	55	405	75	295	375	175	445	445	235	125	485	485	205	235	315	345	295	355	115	465	385	165	545	575	235	175	0	115	275	265	115	435	385	335	375	185	355	385	385	175	175	215	215	265
265	75	465	655	335	335	225	75	395	235	115	195	125	235	535	395	355	225	395	295	315	405	305	425	335	445	435	435	315	155	195	335	165	385	45	265	315	285	405	405	305	135	485	485	325	255	435	375	395	415	215	495	375	155	565	595	355	125	115	0	385	375	225	365	495	445	495	225	475	495	495	105	105	195	195	265
325	445	95	645	165	155	225	395	645	515	315	395	265	145	555	235	45	275	95	235	425	75	155	485	535	405	575	115	345	445	305	325	235	535	345	465	585	135	605	605	235	325	565	565	75	345	45	405	155	315	205	485	505	355	565	595	35	415	275	385	0	65	185	655	115	135	105	325	115	155	145	435	435	415	425	435
265	435	85	695	105	95	185	395	675	535	295	415	275	145	615	295	35	305	35	185	465	145	195	535	575	455	625	65	395	465	265	375	215	575	335	495	605	95	645	645	285	345	615	615	115	385	85	455	215	375	225	545	545	375	625	655	85	425	265	375	65	0	165	675	125	85	125	285	95	125	125	405	405	385	385	385
165	275	245	685	115	115	45	255	565	415	135	315	145	75	585	315	145	225	175	105	395	235	195	485	475	445	545	215	345	335	125	335	65	505	185	395	495	65	555	555	265	225	565	565	155	315	235	415	265	375	145	515	475	265	605	635	165	295	115	225	185	165	0	555	285	225	285	155	255	275	275	245	245	235	235	255
635	375	745	515	675	675	575	305	75	145	475	265	415	535	415	525	645	385	705	645	275	635	515	335	165	445	245	745	365	225	555	395	495	225	385	195	85	605	165	155	455	335	335	335	585	325	695	355	575	475	455	425	245	305	455	465	615	265	435	365	655	675	555	0	775	755	765	585	765	795	795	435	435	545	535	615
385	555	45	725	215	205	305	505	765	635	415	515	385	265	655	325	145	395	125	295	545	155	265	595	655	495	685	95	455	565	395	425	335	655	455	585	695	225	725	725	345	445	665	665	195	465	75	515	235	405	325	575	615	475	655	685	155	535	385	495	115	125	285	775	0	95	15	405	55	65	65	535	535	505	505	505
295	495	65	775	125	125	235	475	755	615	355	495	345	225	685	365	115	385	55	205	555	195	275	615	655	535	705	15	475	545	315	455	285	665	405	575	685	165	725	725	365	425	695	695	195	465	125	535	285	445	305	615	635	455	695	725	155	505	335	445	135	85	225	755	95	0	105	325	45	55	55	465	465	425	425	415
385	545	45	705	215	215	305	495	745	625	415	505	375	255	635	305	135	375	125	295	525	135	255	575	645	475	675	105	445	555	395	415	335	635	455	575	685	215	705	705	335	435	645	655	185	455	65	495	225	395	305	555	605	465	635	665	145	525	375	495	105	125	285	765	15	105	0	405	65	75	75	525	525	505	505	505
45	225	365	815	195	195	105	285	615	455	115	385	225	225	705	465	285	345	275	115	495	385	345	605	545	575	635	315	465	375	35	465	155	585	205	465	535	195	625	625	395	305	665	665	305	415	365	535	415	515	275	645	565	335	725	755	315	335	185	225	325	285	155	585	405	325	405	0	355	375	375	175	175	105	105	105
335	525	25	745	165	165	265	485	755	625	385	505	365	235	675	345	115	385	85	245	545	175	275	605	655	515	695	45	465	555	345	445	305	655	435	585	695	185	725	725	355	435	685	685	195	465	95	525	255	435	305	595	625	465	675	715	155	515	355	475	115	95	255	765	55	45	65	355	0	35	35	495	495	455	465	455
355	545	55	775	185	185	285	515	795	655	405	535	395	275	705	375	155	415	105	265	575	205	305	635	685	545	725	65	495	585	375	475	335	685	465	615	725	215	755	755	385	465	715	715	225	495	125	555	285	465	345	625	655	495	705	745	185	545	385	495	155	125	275	795	65	55	75	375	35	0	5	525	525	475	485	465
345	545	55	775	185	185	285	515	795	655	405	535	395	265	705	375	155	415	105	265	575	205	305	635	685	545	725	65	495	585	375	475	335	685	465	615	725	215	755	755	385	465	715	715	225	495	125	555	285	465	345	625	655	495	705	735	185	545	385	495	145	125	275	795	65	55	75	375	35	5	0	525	525	475	485	465
225	55	495	765	345	345	235	185	485	325	115	305	205	295	645	485	395	325	415	275	425	465	385	535	435	555	545	455	425	255	165	435	205	495	125	365	405	315	505	505	405	245	595	595	385	365	475	485	465	515	295	605	485	265	675	705	405	225	175	105	435	405	245	435	535	465	525	175	495	525	525	0	5	105	105	175
225	55	495	765	345	345	235	185	485	335	115	305	205	295	645	485	395	325	415	275	425	465	385	535	435	555	545	455	425	255	165	435	205	495	125	365	405	315	505	505	405	245	595	595	385	365	475	485	475	515	295	605	485	265	675	705	405	225	175	105	435	405	245	435	535	465	525	175	495	525	525	5	0	105	105	175
145	165	465	835	295	295	195	275	585	435	135	385	255	295	725	525	375	375	375	215	505	465	405	615	535	615	635	415	495	355	115	495	215	585	195	455	505	285	605	605	445	315	675	675	385	435	465	555	485	565	325	675	575	345	755	775	395	315	215	195	415	385	235	545	505	425	505	105	455	475	475	105	105	0	5	75
145	165	465	835	295	305	205	265	585	425	135	385	255	295	725	525	375	375	375	215	495	465	405	615	535	615	635	415	485	345	115	495	215	585	195	455	505	285	605	605	445	315	675	675	385	435	465	555	485	565	325	675	565	345	755	775	395	315	215	195	425	385	235	535	505	425	505	105	465	485	485	105	105	5	0	75
115	235	455	895	285	295	215	335	655	495	185	445	305	325	785	565	385	425	375	205	565	485	445	675	605	665	705	405	545	415	135	555	245	645	255	525	575	295	675	675	495	375	735	745	405	495	465	615	515	615	365	725	635	405	815	835	415	385	265	265	435	385	255	615	505	415	505	105	455	465	465	175	175	75	75	0
