1	45
1	185
1	101
1	42
2	68
2	32
2	163
2	73
3	47
3	128
3	163
3	32
4	133
4	53
5	14
5	16
5	60
5	94
6	155
6	38
6	26
6	39
7	23
7	12
7	27
8	94
8	61
8	166
8	10
9	70
9	45
9	42
9	10
10	188
10	36
10	14
10	185
11	133
11	72
11	194
11	163
12	133
12	13
12	252
12	156
13	43
13	148
13	110
13	195
14	194
14	457
15	6
15	21
15	92
15	493
16	135
16	133
16	73
16	457
17	128
17	417
17	163
18	173
18	27
18	195
18	36
19	163
19	14
19	177
19	151
20	183
20	38
20	177
20	138
21	36
21	93
21	55
21	185
22	163
22	137
22	78
22	194
23	5
23	37
23	22
23	266
24	51
24	52
24	26
24	14
25	133
25	94
25	14
26	37
26	13
26	133
26	138
27	62
27	51
27	155
27	26
28	91
28	78
29	168
29	172
29	133
29	39
30	6
30	162
30	8
30	75
31	163
31	24
31	137
32	137
32	163
32	24
33	14
33	113
33	112
33	185
34	226
34	151
34	13
34	58
35	173
35	330
35	135
36	467
36	90
37	118
37	233
37	179
38	261
38	246
38	5
39	58
39	194
39	72
39	163
40	63
40	128
40	102
40	62
41	142
41	63
41	62
41	132
42	30
42	13
42	151
42	138
43	50
43	12
43	38
43	187
44	24
44	88
44	163
44	179
45	24
45	163
45	14
45	72
46	198
46	183
46	153
46	179
47	120
47	62
47	65
47	76
48	309
48	251
48	93
49	417
49	24
49	137
50	18
50	183
50	164
50	38
51	27
51	156
51	86
51	188
52	55
53	110
53	29
53	19
54	25
54	133
54	138
55	109
55	13
55	2
55	188
56	174
56	67
56	2
56	158
57	133
57	13
57	51
57	151
58	188
58	112
58	85
58	133
59	188
59	417
59	36
59	160
60	56
60	54
60	71
60	163
61	56
61	14
62	309
63	61
63	55
63	12
63	185
64	128
64	62
64	136
65	176
65	25
65	309
66	52
66	146
66	149
66	45
67	124
67	119
67	120
67	70
68	55
68	70
68	161
69	6
69	162
69	8
69	166
70	347
70	9
70	185
70	70
71	173
71	155
71	179
71	37
72	150
72	68
72	149
73	151
73	77
73	163
74	106
74	22
74	188
74	185
75	21
75	7
75	117
75	470
76	18
76	155
76	63
76	62
77	5
77	145
78	12
78	185
78	138
79	155
79	133
79	120
79	108
80	22
80	160
80	36
80	185
81	60
81	23
81	119
81	88
82	151
82	67
82	16
82	14
83	136
83	173
83	186
84	311
84	449
84	454
84	134
85	473
85	379
85	205
86	406
86	387
86	311
87	217
87	218
87	357
87	421
88	463
88	441
88	72
88	496
89	281
89	365
89	256
89	248
90	392
90	251
90	489
91	449
91	453
91	268
91	311
92	283
92	244
92	226
92	372
93	299
94	226
94	244
94	137
95	480
95	245
95	471
96	238
96	239
96	275
96	323
97	295
97	471
98	298
98	226
98	227
98	299
99	363
99	241
99	362
99	251
100	399
100	473
101	379
101	241
101	256
101	449
102	28
102	63
102	62
102	301
103	370
104	415
104	494
104	464
105	467
105	305
105	480
105	426
106	244
106	137
106	283
106	251
107	236
107	59
108	449
108	463
108	236
109	222
109	251
109	219
109	318
110	251
110	254
110	246
111	317
111	222
111	28
111	251
112	417
112	106
112	188
112	284
113	353
113	259
114	382
114	361
114	449
114	258
115	227
115	478
115	425
115	424
116	255
116	432
116	482
117	444
117	361
117	278
117	274
118	103
118	463
118	137
119	208
119	372
119	237
119	494
120	411
120	210
120	425
120	445
121	311
121	239
121	436
121	478
122	283
122	244
122	137
122	372
123	377
123	365
123	348
123	382
124	80
124	178
124	251
125	339
125	396
125	411
125	398
126	280
126	473
126	205
126	415
127	295
127	473
127	248
127	434
128	463
129	469
129	80
129	398
130	464
130	370
130	301
131	489
131	248
131	259
131	353
132	415
132	494
133	324
133	204
133	418
133	383
134	464
134	370
134	251
134	494
135	272
135	365
136	218
136	160
136	188
137	449
137	216
137	454
138	247
138	385
139	471
139	379
139	464
139	254
140	417
141	227
141	248
141	208
141	431
142	472
142	293
142	275
142	470
143	444
143	401
143	278
144	250
144	406
145	222
145	255
145	293
146	449
146	436
147	432
147	222
147	255
147	256
148	398
148	288
149	471
149	246
150	398
150	236
150	273
151	275
151	279
151	97
152	228
152	323
152	106
152	287
153	320
153	339
154	222
154	256
154	385
154	214
155	463
155	72
155	210
155	411
156	284
157	230
157	208
157	227
158	445
158	362
158	430
158	433
159	308
159	383
159	211
160	362
160	463
161	163
161	188
161	476
162	293
162	479
162	275
163	467
163	170
163	195
163	201
164	415
164	295
164	380
164	304
165	316
165	406
165	479
165	242
166	251
166	151
166	370
166	195
167	467
167	415
167	295
168	253
168	423
168	433
168	480
169	415
169	251
169	229
169	370
170	408
170	430
170	112
170	286
171	320
171	310
171	432
171	389
172	251
172	445
172	430
173	426
173	237
173	474
174	248
174	206
174	272
175	170
175	251
175	467
176	454
176	187
176	246
177	282
177	311
177	445
178	365
178	310
179	16
179	133
179	165
179	99
180	423
180	278
180	165
180	366
181	282
181	311
181	445
182	423
182	173
182	137
183	146
183	145
184	311
184	131
184	282
185	204
186	295
186	309
187	430
187	480
187	251
188	251
188	436
188	253
189	251
189	275
189	398
190	235
190	383
190	471
190	468
191	408
191	251
191	430
191	195
192	251
192	430
192	467
193	310
193	382
193	373
194	430
194	364
194	282
194	114
195	380
195	415
195	251
196	423
196	480
197	415
197	233
197	307
198	454
198	415
198	233
198	251
199	307
199	384
199	373
199	365
200	246
200	275
200	251
200	282
201	71
201	56
201	59
201	78
202	323
203	386
203	347
204	365
205	249
205	315
205	276
205	300
206	442
206	493
206	441
206	496
207	6
207	185
207	131
207	162
208	269
208	115
208	309
208	451
209	106
209	417
209	118
209	160
210	21
210	117
210	96
210	107
211	269
211	451
211	375
212	300
212	185
212	194
212	160
213	495
213	270
213	393
213	309
214	441
214	496
214	442
214	493
